144 128
YAL032C 0 0 1 0 1 0 1 1 1 1 0 1 0 0 1 0 0 1 0 0 1 0 0 1 0 1 0 1 0 1 0 0 0 0 1 0 0 0 1 1 0 1 0 1 1 1 0 1 0 1 0 0 1 0 1 1 1 1 0 0 0 0 0 1 1 0 0 1 1 1 1 0 1 0 1 1 1 1 0 1 1 1 0 0 1 0 0 0 0 0 1 0 0 0 0 0 0 0 1 1 0 1 0 0 0 1 1 0 1 1 1 1 1 0 1 0 1 1 1 1 1 1 0 0 1 0 1 0
YBR065C 0 0 1 0 1 0 1 1 1 1 0 1 0 0 1 0 0 1 0 0 1 0 0 1 0 1 0 1 0 1 0 0 0 0 1 0 0 0 1 1 0 1 0 1 1 1 0 1 0 1 0 0 1 0 1 1 1 1 0 0 0 0 0 1 1 0 0 1 1 1 1 0 1 0 1 1 1 1 0 1 1 1 0 0 1 0 0 0 0 0 1 0 0 0 0 0 0 0 1 1 0 1 0 0 0 1 1 0 1 1 1 1 1 0 1 0 1 1 1 1 1 1 0 0 1 0 1 0
YDL209C 0 0 1 0 1 0 1 1 1 1 0 1 0 0 1 0 0 1 0 0 1 0 0 1 0 1 0 1 0 1 0 0 0 0 1 0 0 0 1 1 0 1 0 1 1 1 0 1 0 1 0 0 1 0 1 1 1 1 0 0 0 0 0 1 1 0 0 1 1 1 1 0 1 0 1 1 1 1 0 1 1 1 0 0 1 0 0 0 0 0 1 0 0 0 0 0 0 0 1 1 0 1 0 0 0 1 1 0 1 1 1 1 1 0 1 0 1 1 1 1 1 1 0 0 1 0 1 0
YDR364C 0 0 1 0 1 0 1 1 1 1 0 1 0 0 1 0 0 1 0 0 1 0 0 1 0 1 0 1 0 1 0 0 0 0 1 0 0 0 1 1 0 1 0 1 1 1 0 1 0 1 0 0 1 0 1 1 1 1 0 0 0 0 0 1 1 0 0 1 1 1 1 0 1 0 1 1 1 1 0 1 1 1 0 0 1 0 0 0 0 0 1 0 0 0 0 0 0 0 1 1 0 1 0 0 0 1 1 0 1 1 1 1 1 0 1 0 1 1 1 1 1 1 0 0 1 0 1 0
YDR416W 0 0 1 0 1 0 1 1 1 1 0 1 0 0 1 0 0 1 0 0 1 0 0 1 0 1 0 1 0 1 0 0 0 0 1 0 0 0 1 1 0 1 0 1 1 1 0 1 0 1 0 0 1 0 1 1 1 1 0 0 0 0 0 1 1 0 0 1 1 1 1 0 1 0 1 1 1 1 0 1 1 1 0 0 1 0 0 0 0 0 1 0 0 0 0 0 0 0 1 1 0 1 0 0 0 1 1 0 1 1 1 1 1 0 1 0 1 1 1 1 1 1 0 0 1 0 1 0
YER029C 0 0 1 0 1 0 1 1 1 1 0 1 0 0 1 0 0 1 0 0 1 0 0 1 0 1 0 1 0 1 0 0 0 0 1 0 0 0 1 1 0 1 0 1 1 1 0 1 0 1 0 0 1 0 1 1 1 1 0 0 0 0 0 1 1 0 0 1 1 1 1 0 1 0 1 1 1 1 0 1 1 1 0 0 1 0 0 0 0 0 1 0 0 0 0 0 0 0 1 1 0 1 0 0 0 1 1 0 1 1 1 1 1 0 1 0 1 1 1 1 1 1 0 0 1 0 1 0
YER172C 0 0 1 0 1 0 1 1 1 1 0 1 0 0 1 0 0 1 0 0 1 0 0 1 0 1 0 1 0 1 0 0 0 0 1 0 0 0 1 1 0 1 0 1 1 1 0 1 0 1 0 0 1 0 1 1 1 1 0 0 0 0 0 1 1 0 0 1 1 1 1 0 1 0 1 1 1 1 0 1 1 1 0 0 1 0 0 0 0 0 1 0 0 0 0 0 0 0 1 1 0 1 0 0 0 1 1 0 1 1 1 1 1 0 1 0 1 1 1 1 1 1 0 0 1 0 1 0
YGL120C 0 0 1 0 1 0 1 1 1 1 0 1 0 0 1 0 0 1 0 0 1 0 0 1 0 1 0 1 0 1 0 0 0 0 1 0 0 0 1 1 0 1 0 1 1 1 0 1 0 1 0 0 1 0 1 1 1 1 0 0 0 0 0 1 1 0 0 1 1 1 1 0 1 0 1 1 1 1 0 1 1 1 0 0 1 0 0 0 0 0 1 0 0 0 0 0 0 0 1 1 0 1 0 0 0 1 1 0 1 1 1 1 1 0 1 0 1 1 1 1 1 1 0 0 1 0 1 0
YGL128C 0 0 1 0 1 0 1 1 1 1 0 1 0 0 1 0 0 1 0 0 1 0 0 1 0 1 0 1 0 1 0 0 0 0 1 0 0 0 1 1 0 1 0 1 1 1 0 1 0 1 0 0 1 0 1 1 1 1 0 0 0 0 0 1 1 0 0 1 1 1 1 0 1 0 1 1 1 1 0 1 1 1 0 0 1 0 0 0 0 0 1 0 0 0 0 0 0 0 1 1 0 1 0 0 0 1 1 0 1 1 1 1 1 0 1 0 1 1 1 1 1 1 0 0 1 0 1 0
YGR074W 0 0 1 0 1 0 1 1 1 1 0 1 0 0 1 0 0 1 0 0 1 0 0 1 0 1 0 1 0 1 0 0 0 0 1 0 0 0 1 1 0 1 0 1 1 1 0 1 0 1 0 0 1 0 1 1 1 1 0 0 0 0 0 1 1 0 0 1 1 1 1 0 1 0 1 1 1 1 0 1 1 1 0 0 1 0 0 0 0 0 1 0 0 0 0 0 0 0 1 1 0 1 0 0 0 1 1 0 1 1 1 1 1 0 1 0 1 1 1 1 1 1 0 0 1 0 1 0
YGR129W 0 0 1 0 1 0 1 1 1 1 0 1 0 0 1 0 0 1 0 0 1 0 0 1 0 1 0 1 0 1 0 0 0 0 1 0 0 0 1 1 0 1 0 1 1 1 0 1 0 1 0 0 1 0 1 1 1 1 0 0 0 0 0 1 1 0 0 1 1 1 1 0 1 0 1 1 1 1 0 1 1 1 0 0 1 0 0 0 0 0 1 0 0 0 0 0 0 0 1 1 0 1 0 0 0 1 1 0 1 1 1 1 1 0 1 0 1 1 1 1 1 1 0 0 1 0 1 0
YGR278W 0 0 1 0 1 0 1 1 1 1 0 1 0 0 1 0 0 1 0 0 1 0 0 1 0 1 0 1 0 1 0 0 0 0 1 0 0 0 1 1 0 1 0 1 1 1 0 1 0 1 0 0 1 0 1 1 1 1 0 0 0 0 0 1 1 0 0 1 1 1 1 0 1 0 1 1 1 1 0 1 1 1 0 0 1 0 0 0 0 0 1 0 0 0 0 0 0 0 1 1 0 1 0 0 0 1 1 0 1 1 1 1 1 0 1 0 1 1 1 1 1 1 0 0 1 0 1 0
YHR165C 0 0 1 0 1 0 1 1 1 1 0 1 0 0 1 0 0 1 0 0 1 0 0 1 0 1 0 1 0 1 0 0 0 0 1 0 0 0 1 1 0 1 0 1 1 1 0 1 0 1 0 0 1 0 1 1 1 1 0 0 0 0 0 1 1 0 0 1 1 1 1 0 1 0 1 1 1 1 0 1 1 1 0 0 1 0 0 0 0 0 1 0 0 0 0 0 0 0 1 1 0 1 0 0 0 1 1 0 1 1 1 1 1 0 1 0 1 1 1 1 1 1 0 0 1 0 1 0
YJR050W 0 0 1 0 1 0 1 1 1 1 0 1 0 0 1 0 0 1 0 0 1 0 0 1 0 1 0 1 0 1 0 0 0 0 1 0 0 0 1 1 0 1 0 1 1 1 0 1 0 1 0 0 1 0 1 1 1 1 0 0 0 0 0 1 1 0 0 1 1 1 1 0 1 0 1 1 1 1 0 1 1 1 0 0 1 0 0 0 0 0 1 0 0 0 0 0 0 0 1 1 0 1 0 0 0 1 1 0 1 1 1 1 1 0 1 0 1 1 1 1 1 1 0 0 1 0 1 0
YKL095W 0 0 1 0 1 0 1 1 1 1 0 1 0 0 1 0 0 1 0 0 1 0 0 1 0 1 0 1 0 1 0 0 0 0 1 0 0 0 1 1 0 1 0 1 1 1 0 1 0 1 0 0 1 0 1 1 1 1 0 0 0 0 0 1 1 0 0 1 1 1 1 0 1 0 1 1 1 1 0 1 1 1 0 0 1 0 0 0 0 0 1 0 0 0 0 0 0 0 1 1 0 1 0 0 0 1 1 0 1 1 1 1 1 0 1 0 1 1 1 1 1 1 0 0 1 0 1 0
YKL173W 0 0 1 0 1 0 1 1 1 1 0 1 0 0 1 0 0 1 0 0 1 0 0 1 0 1 0 1 0 1 0 0 0 0 1 0 0 0 1 1 0 1 0 1 1 1 0 1 0 1 0 0 1 0 1 1 1 1 0 0 0 0 0 1 1 0 0 1 1 1 1 0 1 0 1 1 1 1 0 1 1 1 0 0 1 0 0 0 0 0 1 0 0 0 0 0 0 0 1 1 0 1 0 0 0 1 1 0 1 1 1 1 1 0 1 0 1 1 1 1 1 1 0 0 1 0 1 0
YKR022C 0 0 1 0 1 0 1 1 1 1 0 1 0 0 1 0 0 1 0 0 1 0 0 1 0 1 0 1 0 1 0 0 0 0 1 0 0 0 1 1 0 1 0 1 1 1 0 1 0 1 0 0 1 0 1 1 1 1 0 0 0 0 0 1 1 0 0 1 1 1 1 0 1 0 1 1 1 1 0 1 1 1 0 0 1 0 0 0 0 0 1 0 0 0 0 0 0 0 1 1 0 1 0 0 0 1 1 0 1 1 1 1 1 0 1 0 1 1 1 1 1 1 0 0 1 0 1 0
YLL036C 0 0 1 0 1 0 1 1 1 1 0 1 0 0 1 0 0 1 0 0 1 0 0 1 0 1 0 1 0 1 0 0 0 0 1 0 0 0 1 1 0 1 0 1 1 1 0 1 0 1 0 0 1 0 1 1 1 1 0 0 0 0 0 1 1 0 0 1 1 1 1 0 1 0 1 1 1 1 0 1 1 1 0 0 1 0 0 0 0 0 1 0 0 0 0 0 0 0 1 1 0 1 0 0 0 1 1 0 1 1 1 1 1 0 1 0 1 1 1 1 1 1 0 0 1 0 1 0
YLR117C 0 0 1 0 1 0 1 1 1 1 0 1 0 0 1 0 0 1 0 0 1 0 0 1 0 1 0 1 0 1 0 0 0 0 1 0 0 0 1 1 0 1 0 1 1 1 0 1 0 1 0 0 1 0 1 1 1 1 0 0 0 0 0 1 1 0 0 1 1 1 1 0 1 0 1 1 1 1 0 1 1 1 0 0 1 0 0 0 0 0 1 0 0 0 0 0 0 0 1 1 0 1 0 0 0 1 1 0 1 1 1 1 1 0 1 0 1 1 1 1 1 1 0 0 1 0 1 0
YLR147C 0 0 1 0 1 0 1 1 1 1 0 1 0 0 1 0 0 1 0 0 1 0 0 1 0 1 0 1 0 1 0 0 0 0 1 0 0 0 1 1 0 1 0 1 1 1 0 1 0 1 0 0 1 0 1 1 1 1 0 0 0 0 0 1 1 0 0 1 1 1 1 0 1 0 1 1 1 1 0 1 1 1 0 0 1 0 0 0 0 0 1 0 0 0 0 0 0 0 1 1 0 1 0 0 0 1 1 0 1 1 1 1 1 0 1 0 1 1 1 1 1 1 0 0 1 0 1 0
YLR424W 0 0 1 0 1 0 1 1 1 1 0 1 0 0 1 0 0 1 0 0 1 0 0 1 0 1 0 1 0 1 0 0 0 0 1 0 0 0 1 1 0 1 0 1 1 1 0 1 0 1 0 0 1 0 1 1 1 1 0 0 0 0 0 1 1 0 0 1 1 1 1 0 1 0 1 1 1 1 0 1 1 1 0 0 1 0 0 0 0 0 1 0 0 0 0 0 0 0 1 1 0 1 0 0 0 1 1 0 1 1 1 1 1 0 1 0 1 1 1 1 1 1 0 0 1 0 1 0
YMR213W 0 0 1 0 1 0 1 1 1 1 0 1 0 0 1 0 0 1 0 0 1 0 0 1 0 1 0 1 0 1 0 0 0 0 1 0 0 0 1 1 0 1 0 1 1 1 0 1 0 1 0 0 1 0 1 1 1 1 0 0 0 0 0 1 1 0 0 1 1 1 1 0 1 0 1 1 1 1 0 1 1 1 0 0 1 0 0 0 0 0 1 0 0 0 0 0 0 0 1 1 0 1 0 0 0 1 1 0 1 1 1 1 1 0 1 0 1 1 1 1 1 1 0 0 1 0 1 0
YPL151C 0 0 1 0 1 0 1 1 1 1 0 1 0 0 1 0 0 1 0 0 1 0 0 1 0 1 0 1 0 1 0 0 0 0 1 0 0 0 1 1 0 1 0 1 1 1 0 1 0 1 0 0 1 0 1 1 1 1 0 0 0 0 0 1 1 0 0 1 1 1 1 0 1 0 1 1 1 1 0 1 1 1 0 0 1 0 0 0 0 0 1 0 0 0 0 0 0 0 1 1 0 1 0 0 0 1 1 0 1 1 1 1 1 0 1 0 1 1 1 1 1 1 0 0 1 0 1 0
YPL213W 0 0 1 0 1 0 1 1 1 1 0 1 0 0 1 0 0 1 0 0 1 0 0 1 0 1 0 1 0 1 0 0 0 0 1 0 0 0 1 1 0 1 0 1 1 1 0 1 0 1 0 0 1 0 1 1 1 1 0 0 0 0 0 1 1 0 0 1 1 1 1 0 1 0 1 1 1 1 0 1 1 1 0 0 1 0 0 0 0 0 1 0 0 0 0 0 0 0 1 1 0 1 0 0 0 1 1 0 1 1 1 1 1 0 1 0 1 1 1 1 1 1 0 0 1 0 1 0
YPR101W 0 0 1 0 1 0 1 1 1 1 0 1 0 0 1 0 0 1 0 0 1 0 0 1 0 1 0 1 0 1 0 0 0 0 1 0 0 0 1 1 0 1 0 1 1 1 0 1 0 1 0 0 1 0 1 1 1 1 0 0 0 0 0 1 1 0 0 1 1 1 1 0 1 0 1 1 1 1 0 1 1 1 0 0 1 0 0 0 0 0 1 0 0 0 0 0 0 0 1 1 0 1 0 0 0 1 1 0 1 1 1 1 1 0 1 0 1 1 1 1 1 1 0 0 1 0 1 0
YPR182W 0 0 1 0 1 0 1 1 1 1 0 1 0 0 1 0 0 1 0 0 1 0 0 1 0 1 0 1 0 1 0 0 0 0 1 0 0 0 1 1 0 1 0 1 1 1 0 1 0 1 0 0 1 0 1 1 1 1 0 0 0 0 0 1 1 0 0 1 1 1 1 0 1 0 1 1 1 1 0 1 1 1 0 0 1 0 0 0 0 0 1 0 0 0 0 0 0 0 1 1 0 1 0 0 0 1 1 0 1 1 1 1 1 0 1 0 1 1 1 1 1 1 0 0 1 0 1 0
YAL033W 1 1 0 1 0 1 0 0 0 0 1 0 1 1 0 1 1 0 1 1 0 1 1 0 1 0 1 0 1 0 1 1 1 1 0 1 1 1 0 0 1 0 1 0 0 0 1 0 1 0 1 1 0 1 0 0 0 0 1 1 1 1 1 0 0 1 1 0 0 0 0 1 0 1 0 0 0 0 1 0 0 0 1 1 0 1 1 1 1 1 0 1 1 1 1 1 1 1 0 0 1 0 1 1 1 0 0 1 0 0 0 0 0 1 0 1 0 0 0 0 0 0 1 1 0 1 0 1
YBL018C 1 1 0 1 0 1 0 0 0 0 1 0 1 1 0 1 1 0 1 1 0 1 1 0 1 0 1 0 1 0 1 1 1 1 0 1 1 1 0 0 1 0 1 0 0 0 1 0 1 0 1 1 0 1 0 0 0 0 1 1 1 1 1 0 0 1 1 0 0 0 0 1 0 1 0 0 0 0 1 0 0 0 1 1 0 1 1 1 1 1 0 1 1 1 1 1 1 1 0 0 1 0 1 1 1 0 0 1 0 0 0 0 0 1 0 1 0 0 0 0 0 0 1 1 0 1 0 1
YBR257W 1 1 0 1 0 1 0 0 0 0 1 0 1 1 0 1 1 0 1 1 0 1 1 0 1 0 1 0 1 0 1 1 1 1 0 1 1 1 0 0 1 0 1 0 0 0 1 0 1 0 1 1 0 1 0 0 0 0 1 1 1 1 1 0 0 1 1 0 0 0 0 1 0 1 0 0 0 0 1 0 0 0 1 1 0 1 1 1 1 1 0 1 1 1 1 1 1 1 0 0 1 0 1 1 1 0 0 1 0 0 0 0 0 1 0 1 0 0 0 0 0 0 1 1 0 1 0 1
YDR478W 1 1 0 1 0 1 0 0 0 0 1 0 1 1 0 1 1 0 1 1 0 1 1 0 1 0 1 0 1 0 1 1 1 1 0 1 1 1 0 0 1 0 1 0 0 0 1 0 1 0 1 1 0 1 0 0 0 0 1 1 1 1 1 0 0 1 1 0 0 0 0 1 0 1 0 0 0 0 1 0 0 0 1 1 0 1 1 1 1 1 0 1 1 1 1 1 1 1 0 0 1 0 1 1 1 0 0 1 0 0 0 0 0 1 0 1 0 0 0 0 0 0 1 1 0 1 0 1
YGR030C 1 1 0 1 0 1 0 0 0 0 1 0 1 1 0 1 1 0 1 1 0 1 1 0 1 0 1 0 1 0 1 1 1 1 0 1 1 1 0 0 1 0 1 0 0 0 1 0 1 0 1 1 0 1 0 0 0 0 1 1 1 1 1 0 0 1 1 0 0 0 0 1 0 1 0 0 0 0 1 0 0 0 1 1 0 1 1 1 1 1 0 1 1 1 1 1 1 1 0 0 1 0 1 1 1 0 0 1 0 0 0 0 0 1 0 1 0 0 0 0 0 0 1 1 0 1 0 1
YHR062C 1 1 0 1 0 1 0 0 0 0 1 0 1 1 0 1 1 0 1 1 0 1 1 0 1 0 1 0 1 0 1 1 1 1 0 1 1 1 0 0 1 0 1 0 0 0 1 0 1 0 1 1 0 1 0 0 0 0 1 1 1 1 1 0 0 1 1 0 0 0 0 1 0 1 0 0 0 0 1 0 0 0 1 1 0 1 1 1 1 1 0 1 1 1 1 1 1 1 0 0 1 0 1 1 1 0 0 1 0 0 0 0 0 1 0 1 0 0 0 0 0 0 1 1 0 1 0 1
YLR145W 1 1 0 1 0 1 0 0 0 0 1 0 1 1 0 1 1 0 1 1 0 1 1 0 1 0 1 0 1 0 1 1 1 1 0 1 1 1 0 0 1 0 1 0 0 0 1 0 1 0 1 1 0 1 0 0 0 0 1 1 1 1 1 0 0 1 1 0 0 0 0 1 0 1 0 0 0 0 1 0 0 0 1 1 0 1 1 1 1 1 0 1 1 1 1 1 1 1 0 0 1 0 1 1 1 0 0 1 0 0 0 0 0 1 0 1 0 0 0 0 0 0 1 1 0 1 0 1
YNL221C 1 1 0 1 0 1 0 0 0 0 1 0 1 1 0 1 1 0 1 1 0 1 1 0 1 0 1 0 1 0 1 1 1 1 0 1 1 1 0 0 1 0 1 0 0 0 1 0 1 0 1 1 0 1 0 0 0 0 1 1 1 1 1 0 0 1 1 0 0 0 0 1 0 1 0 0 0 0 1 0 0 0 1 1 0 1 1 1 1 1 0 1 1 1 1 1 1 1 0 0 1 0 1 1 1 0 0 1 0 0 0 0 0 1 0 1 0 0 0 0 0 0 1 1 0 1 0 1
YNL282W 1 1 0 1 0 1 0 0 0 0 1 0 1 1 0 1 1 0 1 1 0 1 1 0 1 0 1 0 1 0 1 1 1 1 0 1 1 1 0 0 1 0 1 0 0 0 1 0 1 0 1 1 0 1 0 0 0 0 1 1 1 1 1 0 0 1 1 0 0 0 0 1 0 1 0 0 0 0 1 0 0 0 1 1 0 1 1 1 1 1 0 1 1 1 1 1 1 1 0 0 1 0 1 1 1 0 0 1 0 0 0 0 0 1 0 1 0 0 0 0 0 0 1 1 0 1 0 1
YAL034W-A 1 1 0 1 0 1 0 0 0 0 1 0 1 1 0 1 1 0 1 1 0 1 1 0 1 0 1 0 1 0 1 1 1 1 0 1 1 1 0 0 1 0 1 0 0 0 1 0 1 0 1 1 0 1 0 0 0 0 1 1 1 1 1 0 0 1 1 0 0 0 0 1 0 1 0 0 0 0 1 0 0 0 1 1 0 1 1 1 1 1 0 1 1 1 1 1 1 1 0 0 1 0 1 1 1 0 0 1 0 0 0 0 0 1 0 1 0 0 0 0 0 0 1 1 0 1 0 1
YBR211C 1 1 0 1 0 1 0 0 0 0 1 0 1 1 0 1 1 0 1 1 0 1 1 0 1 0 1 0 1 0 1 1 1 1 0 1 1 1 0 0 1 0 1 0 0 0 1 0 1 0 1 1 0 1 0 0 0 0 1 1 1 1 1 0 0 1 1 0 0 0 0 1 0 1 0 0 0 0 1 0 0 0 1 1 0 1 1 1 1 1 0 1 1 1 1 1 1 1 0 0 1 0 1 1 1 0 0 1 0 0 0 0 0 1 0 1 0 0 0 0 0 0 1 1 0 1 0 1
YDR254W 1 1 0 1 0 1 0 0 0 0 1 0 1 1 0 1 1 0 1 1 0 1 1 0 1 0 1 0 1 0 1 1 1 1 0 1 1 1 0 0 1 0 1 0 0 0 1 0 1 0 1 1 0 1 0 0 0 0 1 1 1 1 1 0 0 1 1 0 0 0 0 1 0 1 0 0 0 0 1 0 0 0 1 1 0 1 1 1 1 1 0 1 1 1 1 1 1 1 0 0 1 0 1 1 1 0 0 1 0 0 0 0 0 1 0 1 0 0 0 0 0 0 1 1 0 1 0 1
YDR383C 1 1 0 1 0 1 0 0 0 0 1 0 1 1 0 1 1 0 1 1 0 1 1 0 1 0 1 0 1 0 1 1 1 1 0 1 1 1 0 0 1 0 1 0 0 0 1 0 1 0 1 1 0 1 0 0 0 0 1 1 1 1 1 0 0 1 1 0 0 0 0 1 0 1 0 0 0 0 1 0 0 0 1 1 0 1 1 1 1 1 0 1 1 1 1 1 1 1 0 0 1 0 1 1 1 0 0 1 0 0 0 0 0 1 0 1 0 0 0 0 0 0 1 1 0 1 0 1
YGR179C 1 1 0 1 0 1 0 0 0 0 1 0 1 1 0 1 1 0 1 1 0 1 1 0 1 0 1 0 1 0 1 1 1 1 0 1 1 1 0 0 1 0 1 0 0 0 1 0 1 0 1 1 0 1 0 0 0 0 1 1 1 1 1 0 0 1 1 0 0 0 0 1 0 1 0 0 0 0 1 0 0 0 1 1 0 1 1 1 1 1 0 1 1 1 1 1 1 1 0 0 1 0 1 1 1 0 0 1 0 0 0 0 0 1 0 1 0 0 0 0 0 0 1 1 0 1 0 1
YIR010W 1 1 0 1 0 1 0 0 0 0 1 0 1 1 0 1 1 0 1 1 0 1 1 0 1 0 1 0 1 0 1 1 1 1 0 1 1 1 0 0 1 0 1 0 0 0 1 0 1 0 1 1 0 1 0 0 0 0 1 1 1 1 1 0 0 1 1 0 0 0 0 1 0 1 0 0 0 0 1 0 0 0 1 1 0 1 1 1 1 1 0 1 1 1 1 1 1 1 0 0 1 0 1 1 1 0 0 1 0 0 0 0 0 1 0 1 0 0 0 0 0 0 1 1 0 1 0 1
YJR112W 1 1 0 1 0 1 0 0 0 0 1 0 1 1 0 1 1 0 1 1 0 1 1 0 1 0 1 0 1 0 1 1 1 1 0 1 1 1 0 0 1 0 1 0 0 0 1 0 1 0 1 1 0 1 0 0 0 0 1 1 1 1 1 0 0 1 1 0 0 0 0 1 0 1 0 0 0 0 1 0 0 0 1 1 0 1 1 1 1 1 0 1 1 1 1 1 1 1 0 0 1 0 1 1 1 0 0 1 0 0 0 0 0 1 0 1 0 0 0 0 0 0 1 1 0 1 0 1
YJR135C 1 1 0 1 0 1 0 0 0 0 1 0 1 1 0 1 1 0 1 1 0 1 1 0 1 0 1 0 1 0 1 1 1 1 0 1 1 1 0 0 1 0 1 0 0 0 1 0 1 0 1 1 0 1 0 0 0 0 1 1 1 1 1 0 0 1 1 0 0 0 0 1 0 1 0 0 0 0 1 0 0 0 1 1 0 1 1 1 1 1 0 1 1 1 1 1 1 1 0 0 1 0 1 1 1 0 0 1 0 0 0 0 0 1 0 1 0 0 0 0 0 0 1 1 0 1 0 1
YLR381W 1 1 0 1 0 1 0 0 0 0 1 0 1 1 0 1 1 0 1 1 0 1 1 0 1 0 1 0 1 0 1 1 1 1 0 1 1 1 0 0 1 0 1 0 0 0 1 0 1 0 1 1 0 1 0 0 0 0 1 1 1 1 1 0 0 1 1 0 0 0 0 1 0 1 0 0 0 0 1 0 0 0 1 1 0 1 1 1 1 1 0 1 1 1 1 1 1 1 0 0 1 0 1 1 1 0 0 1 0 0 0 0 0 1 0 1 0 0 0 0 0 0 1 1 0 1 0 1
YPL018W 1 1 0 1 0 1 0 0 0 0 1 0 1 1 0 1 1 0 1 1 0 1 1 0 1 0 1 0 1 0 1 1 1 1 0 1 1 1 0 0 1 0 1 0 0 0 1 0 1 0 1 1 0 1 0 0 0 0 1 1 1 1 1 0 0 1 1 0 0 0 0 1 0 1 0 0 0 0 1 0 0 0 1 1 0 1 1 1 1 1 0 1 1 1 1 1 1 1 0 0 1 0 1 1 1 0 0 1 0 0 0 0 0 1 0 1 0 0 0 0 0 0 1 1 0 1 0 1
YPL233W 1 1 0 1 0 1 0 0 0 0 1 0 1 1 0 1 1 0 1 1 0 1 1 0 1 0 1 0 1 0 1 1 1 1 0 1 1 1 0 0 1 0 1 0 0 0 1 0 1 0 1 1 0 1 0 0 0 0 1 1 1 1 1 0 0 1 1 0 0 0 0 1 0 1 0 0 0 0 1 0 0 0 1 1 0 1 1 1 1 1 0 1 1 1 1 1 1 1 0 0 1 0 1 1 1 0 0 1 0 0 0 0 0 1 0 1 0 0 0 0 0 0 1 1 0 1 0 1
YBL045C 0 0 1 0 1 0 1 1 1 1 0 1 0 0 1 0 0 1 0 0 1 0 0 1 0 1 0 1 0 1 0 0 0 0 1 0 0 0 1 1 0 1 0 1 1 1 0 1 0 1 0 0 1 0 1 1 1 1 0 0 0 0 0 1 1 0 0 1 1 1 1 0 1 0 1 1 1 1 0 1 1 1 0 0 1 0 0 0 0 0 1 0 0 0 0 0 0 0 1 1 0 1 0 0 0 1 1 0 1 1 1 1 1 0 1 0 1 1 1 1 1 1 0 0 1 0 1 0
YLR132C 0 0 1 0 1 0 1 1 1 1 0 1 0 0 1 0 0 1 0 0 1 0 0 1 0 1 0 1 0 1 0 0 0 0 1 0 0 0 1 1 0 1 0 1 1 1 0 1 0 1 0 0 1 0 1 1 1 1 0 0 0 0 0 1 1 0 0 1 1 1 1 0 1 0 1 1 1 1 0 1 1 1 0 0 1 0 0 0 0 0 1 0 0 0 0 0 0 0 1 1 0 1 0 0 0 1 1 0 1 1 1 1 1 0 1 0 1 1 1 1 1 1 0 0 1 0 1 0
YBR121C 0 0 1 0 1 0 1 1 1 1 0 1 0 0 1 0 0 1 0 0 1 0 0 1 0 1 0 1 0 1 0 0 0 0 1 0 0 0 1 1 0 1 0 1 1 1 0 1 0 1 0 0 1 0 1 1 1 1 0 0 0 0 0 1 1 0 0 1 1 1 1 0 1 0 1 1 1 1 0 1 1 1 0 0 1 0 0 0 0 0 1 0 0 0 0 0 0 0 1 1 0 1 0 0 0 1 1 0 1 1 1 1 1 0 1 0 1 1 1 1 1 1 0 0 1 0 1 0
YJL034W 0 0 1 0 1 0 1 1 1 1 0 1 0 0 1 0 0 1 0 0 1 0 0 1 0 1 0 1 0 1 0 0 0 0 1 0 0 0 1 1 0 1 0 1 1 1 0 1 0 1 0 0 1 0 1 1 1 1 0 0 0 0 0 1 1 0 0 1 1 1 1 0 1 0 1 1 1 1 0 1 1 1 0 0 1 0 0 0 0 0 1 0 0 0 0 0 0 0 1 1 0 1 0 0 0 1 1 0 1 1 1 1 1 0 1 0 1 1 1 1 1 1 0 0 1 0 1 0
YML124C 0 0 1 0 1 0 1 1 1 1 0 1 0 0 1 0 0 1 0 0 1 0 0 1 0 1 0 1 0 1 0 0 0 0 1 0 0 0 1 1 0 1 0 1 1 1 0 1 0 1 0 0 1 0 1 1 1 1 0 0 0 0 0 1 1 0 0 1 1 1 1 0 1 0 1 1 1 1 0 1 1 1 0 0 1 0 0 0 0 0 1 0 0 0 0 0 0 0 1 1 0 1 0 0 0 1 1 0 1 1 1 1 1 0 1 0 1 1 1 1 1 1 0 0 1 0 1 0
YNL313C 0 0 1 0 1 0 1 1 1 1 0 1 0 0 1 0 0 1 0 0 1 0 0 1 0 1 0 1 0 1 0 0 0 0 1 0 0 0 1 1 0 1 0 1 1 1 0 1 0 1 0 0 1 0 1 1 1 1 0 0 0 0 0 1 1 0 0 1 1 1 1 0 1 0 1 1 1 1 0 1 1 1 0 0 1 0 0 0 0 0 1 0 0 0 0 0 0 0 1 1 0 1 0 0 0 1 1 0 1 1 1 1 1 0 1 0 1 1 1 1 1 1 0 0 1 0 1 0
YBR158W 1 1 0 1 0 1 0 0 0 0 1 0 1 1 0 1 1 0 1 1 0 1 1 0 1 0 1 0 1 0 1 1 1 1 0 1 1 1 0 0 1 0 1 0 0 0 1 0 1 0 1 1 0 1 0 0 0 0 1 1 1 1 1 0 0 1 1 0 0 0 0 1 0 1 0 0 0 0 1 0 0 0 1 1 0 1 1 1 1 1 0 1 1 1 1 1 1 1 0 0 1 0 1 1 1 0 0 1 0 0 0 0 0 1 0 1 0 0 0 0 0 0 1 1 0 1 0 1
YDL065C 1 1 0 1 0 1 0 0 0 0 1 0 1 1 0 1 1 0 1 1 0 1 1 0 1 0 1 0 1 0 1 1 1 1 0 1 1 1 0 0 1 0 1 0 0 0 1 0 1 0 1 1 0 1 0 0 0 0 1 1 1 1 1 0 0 1 1 0 0 0 0 1 0 1 0 0 0 0 1 0 0 0 1 1 0 1 1 1 1 1 0 1 1 1 1 1 1 1 0 0 1 0 1 1 1 0 0 1 0 0 0 0 0 1 0 1 0 0 0 0 0 0 1 1 0 1 0 1
YDL138W 1 1 0 1 0 1 0 0 0 0 1 0 1 1 0 1 1 0 1 1 0 1 1 0 1 0 1 0 1 0 1 1 1 1 0 1 1 1 0 0 1 0 1 0 0 0 1 0 1 0 1 1 0 1 0 0 0 0 1 1 1 1 1 0 0 1 1 0 0 0 0 1 0 1 0 0 0 0 1 0 0 0 1 1 0 1 1 1 1 1 0 1 1 1 1 1 1 1 0 0 1 0 1 1 1 0 0 1 0 0 0 0 0 1 0 1 0 0 0 0 0 0 1 1 0 1 0 1
YGR209C 1 1 0 1 0 1 0 0 0 0 1 0 1 1 0 1 1 0 1 1 0 1 1 0 1 0 1 0 1 0 1 1 1 1 0 1 1 1 0 0 1 0 1 0 0 0 1 0 1 0 1 1 0 1 0 0 0 0 1 1 1 1 1 0 0 1 1 0 0 0 0 1 0 1 0 0 0 0 1 0 0 0 1 1 0 1 1 1 1 1 0 1 1 1 1 1 1 1 0 0 1 0 1 1 1 0 0 1 0 0 0 0 0 1 0 1 0 0 0 0 0 0 1 1 0 1 0 1
YIL140W 1 1 0 1 0 1 0 0 0 0 1 0 1 1 0 1 1 0 1 1 0 1 1 0 1 0 1 0 1 0 1 1 1 1 0 1 1 1 0 0 1 0 1 0 0 0 1 0 1 0 1 1 0 1 0 0 0 0 1 1 1 1 1 0 0 1 1 0 0 0 0 1 0 1 0 0 0 0 1 0 0 0 1 1 0 1 1 1 1 1 0 1 1 1 1 1 1 1 0 0 1 0 1 1 1 0 0 1 0 0 0 0 0 1 0 1 0 0 0 0 0 0 1 1 0 1 0 1
YLL034C 1 1 0 1 0 1 0 0 0 0 1 0 1 1 0 1 1 0 1 1 0 1 1 0 1 0 1 0 1 0 1 1 1 1 0 1 1 1 0 0 1 0 1 0 0 0 1 0 1 0 1 1 0 1 0 0 0 0 1 1 1 1 1 0 0 1 1 0 0 0 0 1 0 1 0 0 0 0 1 0 0 0 1 1 0 1 1 1 1 1 0 1 1 1 1 1 1 1 0 0 1 0 1 1 1 0 0 1 0 0 0 0 0 1 0 1 0 0 0 0 0 0 1 1 0 1 0 1
YLR035C-A 1 1 0 1 0 1 0 0 0 0 1 0 1 1 0 1 1 0 1 1 0 1 1 0 1 0 1 0 1 0 1 1 1 1 0 1 1 1 0 0 1 0 1 0 0 0 1 0 1 0 1 1 0 1 0 0 0 0 1 1 1 1 1 0 0 1 1 0 0 0 0 1 0 1 0 0 0 0 1 0 0 0 1 1 0 1 1 1 1 1 0 1 1 1 1 1 1 1 0 0 1 0 1 1 1 0 0 1 0 0 0 0 0 1 0 1 0 0 0 0 0 0 1 1 0 1 0 1
YLR039C 1 1 0 1 0 1 0 0 0 0 1 0 1 1 0 1 1 0 1 1 0 1 1 0 1 0 1 0 1 0 1 1 1 1 0 1 1 1 0 0 1 0 1 0 0 0 1 0 1 0 1 1 0 1 0 0 0 0 1 1 1 1 1 0 0 1 1 0 0 0 0 1 0 1 0 0 0 0 1 0 0 0 1 1 0 1 1 1 1 1 0 1 1 1 1 1 1 1 0 0 1 0 1 1 1 0 0 1 0 0 0 0 0 1 0 1 0 0 0 0 0 0 1 1 0 1 0 1
YLR043C 1 1 0 1 0 1 0 0 0 0 1 0 1 1 0 1 1 0 1 1 0 1 1 0 1 0 1 0 1 0 1 1 1 1 0 1 1 1 0 0 1 0 1 0 0 0 1 0 1 0 1 1 0 1 0 0 0 0 1 1 1 1 1 0 0 1 1 0 0 0 0 1 0 1 0 0 0 0 1 0 0 0 1 1 0 1 1 1 1 1 0 1 1 1 1 1 1 1 0 0 1 0 1 1 1 0 0 1 0 0 0 0 0 1 0 1 0 0 0 0 0 0 1 1 0 1 0 1
YLR084C 1 1 0 1 0 1 0 0 0 0 1 0 1 1 0 1 1 0 1 1 0 1 1 0 1 0 1 0 1 0 1 1 1 1 0 1 1 1 0 0 1 0 1 0 0 0 1 0 1 0 1 1 0 1 0 0 0 0 1 1 1 1 1 0 0 1 1 0 0 0 0 1 0 1 0 0 0 0 1 0 0 0 1 1 0 1 1 1 1 1 0 1 1 1 1 1 1 1 0 0 1 0 1 1 1 0 0 1 0 0 0 0 0 1 0 1 0 0 0 0 0 0 1 1 0 1 0 1
YLR309C 1 1 0 1 0 1 0 0 0 0 1 0 1 1 0 1 1 0 1 1 0 1 1 0 1 0 1 0 1 0 1 1 1 1 0 1 1 1 0 0 1 0 1 0 0 0 1 0 1 0 1 1 0 1 0 0 0 0 1 1 1 1 1 0 0 1 1 0 0 0 0 1 0 1 0 0 0 0 1 0 0 0 1 1 0 1 1 1 1 1 0 1 1 1 1 1 1 1 0 0 1 0 1 1 1 0 0 1 0 0 0 0 0 1 0 1 0 0 0 0 0 0 1 1 0 1 0 1
YLR452C 1 1 0 1 0 1 0 0 0 0 1 0 1 1 0 1 1 0 1 1 0 1 1 0 1 0 1 0 1 0 1 1 1 1 0 1 1 1 0 0 1 0 1 0 0 0 1 0 1 0 1 1 0 1 0 0 0 0 1 1 1 1 1 0 0 1 1 0 0 0 0 1 0 1 0 0 0 0 1 0 0 0 1 1 0 1 1 1 1 1 0 1 1 1 1 1 1 1 0 0 1 0 1 1 1 0 0 1 0 0 0 0 0 1 0 1 0 0 0 0 0 0 1 1 0 1 0 1
YOL136C 1 1 0 1 0 1 0 0 0 0 1 0 1 1 0 1 1 0 1 1 0 1 1 0 1 0 1 0 1 0 1 1 1 1 0 1 1 1 0 0 1 0 1 0 0 0 1 0 1 0 1 1 0 1 0 0 0 0 1 1 1 1 1 0 0 1 1 0 0 0 0 1 0 1 0 0 0 0 1 0 0 0 1 1 0 1 1 1 1 1 0 1 1 1 1 1 1 1 0 0 1 0 1 1 1 0 0 1 0 0 0 0 0 1 0 1 0 0 0 0 0 0 1 1 0 1 0 1
YOR341W 1 1 0 1 0 1 0 0 0 0 1 0 1 1 0 1 1 0 1 1 0 1 1 0 1 0 1 0 1 0 1 1 1 1 0 1 1 1 0 0 1 0 1 0 0 0 1 0 1 0 1 1 0 1 0 0 0 0 1 1 1 1 1 0 0 1 1 0 0 0 0 1 0 1 0 0 0 0 1 0 0 0 1 1 0 1 1 1 1 1 0 1 1 1 1 1 1 1 0 0 1 0 1 1 1 0 0 1 0 0 0 0 0 1 0 1 0 0 0 0 0 0 1 1 0 1 0 1
YCL061C 1 1 0 1 0 1 0 0 0 0 1 0 1 1 0 1 1 0 1 1 0 1 1 0 1 0 1 0 1 0 1 1 1 1 0 1 1 1 0 0 1 0 1 0 0 0 1 0 1 0 1 1 0 1 0 0 0 0 1 1 1 1 1 0 0 1 1 0 0 0 0 1 0 1 0 0 0 0 1 0 0 0 1 1 0 1 1 1 1 1 0 1 1 1 1 1 1 1 0 0 1 0 1 1 1 0 0 1 0 0 0 0 0 1 0 1 0 0 0 0 0 0 1 1 0 1 0 1
YDR170C 1 1 0 1 0 1 0 0 0 0 1 0 1 1 0 1 1 0 1 1 0 1 1 0 1 0 1 0 1 0 1 1 1 1 0 1 1 1 0 0 1 0 1 0 0 0 1 0 1 0 1 1 0 1 0 0 0 0 1 1 1 1 1 0 0 1 1 0 0 0 0 1 0 1 0 0 0 0 1 0 0 0 1 1 0 1 1 1 1 1 0 1 1 1 1 1 1 1 0 0 1 0 1 1 1 0 0 1 0 0 0 0 0 1 0 1 0 0 0 0 0 0 1 1 0 1 0 1
YHR019C 1 1 0 1 0 1 0 0 0 0 1 0 1 1 0 1 1 0 1 1 0 1 1 0 1 0 1 0 1 0 1 1 1 1 0 1 1 1 0 0 1 0 1 0 0 0 1 0 1 0 1 1 0 1 0 0 0 0 1 1 1 1 1 0 0 1 1 0 0 0 0 1 0 1 0 0 0 0 1 0 0 0 1 1 0 1 1 1 1 1 0 1 1 1 1 1 1 1 0 0 1 0 1 1 1 0 0 1 0 0 0 0 0 1 0 1 0 0 0 0 0 0 1 1 0 1 0 1
YJL091C 1 1 0 1 0 1 0 0 0 0 1 0 1 1 0 1 1 0 1 1 0 1 1 0 1 0 1 0 1 0 1 1 1 1 0 1 1 1 0 0 1 0 1 0 0 0 1 0 1 0 1 1 0 1 0 0 0 0 1 1 1 1 1 0 0 1 1 0 0 0 0 1 0 1 0 0 0 0 1 0 0 0 1 1 0 1 1 1 1 1 0 1 1 1 1 1 1 1 0 0 1 0 1 1 1 0 0 1 0 0 0 0 0 1 0 1 0 0 0 0 0 0 1 1 0 1 0 1
YJR100C 1 1 0 1 0 1 0 0 0 0 1 0 1 1 0 1 1 0 1 1 0 1 1 0 1 0 1 0 1 0 1 1 1 1 0 1 1 1 0 0 1 0 1 0 0 0 1 0 1 0 1 1 0 1 0 0 0 0 1 1 1 1 1 0 0 1 1 0 0 0 0 1 0 1 0 0 0 0 1 0 0 0 1 1 0 1 1 1 1 1 0 1 1 1 1 1 1 1 0 0 1 0 1 1 1 0 0 1 0 0 0 0 0 1 0 1 0 0 0 0 0 0 1 1 0 1 0 1
YOR254C 1 1 0 1 0 1 0 0 0 0 1 0 1 1 0 1 1 0 1 1 0 1 1 0 1 0 1 0 1 0 1 1 1 1 0 1 1 1 0 0 1 0 1 0 0 0 1 0 1 0 1 1 0 1 0 0 0 0 1 1 1 1 1 0 0 1 1 0 0 0 0 1 0 1 0 0 0 0 1 0 0 0 1 1 0 1 1 1 1 1 0 1 1 1 1 1 1 1 0 0 1 0 1 1 1 0 0 1 0 0 0 0 0 1 0 1 0 0 0 0 0 0 1 1 0 1 0 1
YDL074C 1 1 0 1 0 1 0 0 0 0 1 0 1 1 0 1 1 0 1 1 0 1 1 0 1 0 1 0 1 0 1 1 1 1 0 1 1 1 0 0 1 0 1 0 0 0 1 0 1 0 1 1 0 1 0 0 0 0 1 1 1 1 1 0 0 1 1 0 0 0 0 1 0 1 0 0 0 0 1 0 0 0 1 1 0 1 1 1 1 1 0 1 1 1 1 1 1 1 0 0 1 0 1 1 1 0 0 1 0 0 0 0 0 1 0 1 0 0 0 0 0 0 1 1 0 1 0 1
YPR169W 1 1 0 1 0 1 0 0 0 0 1 0 1 1 0 1 1 0 1 1 0 1 1 0 1 0 1 0 1 0 1 1 1 1 0 1 1 1 0 0 1 0 1 0 0 0 1 0 1 0 1 1 0 1 0 0 0 0 1 1 1 1 1 0 0 1 1 0 0 0 0 1 0 1 0 0 0 0 1 0 0 0 1 1 0 1 1 1 1 1 0 1 1 1 1 1 1 1 0 0 1 0 1 1 1 0 0 1 0 0 0 0 0 1 0 1 0 0 0 0 0 0 1 1 0 1 0 1
YDL105W 1 1 0 1 0 1 0 0 0 0 1 0 1 1 0 1 1 0 1 1 0 1 1 0 1 0 1 0 1 0 1 1 1 1 0 1 1 1 0 0 1 0 1 0 0 0 1 0 1 0 1 1 0 1 0 0 0 0 1 1 1 1 1 0 0 1 1 0 0 0 0 1 0 1 0 0 0 0 1 0 0 0 1 1 0 1 1 1 1 1 0 1 1 1 1 1 1 1 0 0 1 0 1 1 1 0 0 1 0 0 0 0 0 1 0 1 0 0 0 0 0 0 1 1 0 1 0 1
YDR288W 1 1 0 1 0 1 0 0 0 0 1 0 1 1 0 1 1 0 1 1 0 1 1 0 1 0 1 0 1 0 1 1 1 1 0 1 1 1 0 0 1 0 1 0 0 0 1 0 1 0 1 1 0 1 0 0 0 0 1 1 1 1 1 0 0 1 1 0 0 0 0 1 0 1 0 0 0 0 1 0 0 0 1 1 0 1 1 1 1 1 0 1 1 1 1 1 1 1 0 0 1 0 1 1 1 0 0 1 0 0 0 0 0 1 0 1 0 0 0 0 0 0 1 1 0 1 0 1
YEL019C 1 1 0 1 0 1 0 0 0 0 1 0 1 1 0 1 1 0 1 1 0 1 1 0 1 0 1 0 1 0 1 1 1 1 0 1 1 1 0 0 1 0 1 0 0 0 1 0 1 0 1 1 0 1 0 0 0 0 1 1 1 1 1 0 0 1 1 0 0 0 0 1 0 1 0 0 0 0 1 0 0 0 1 1 0 1 1 1 1 1 0 1 1 1 1 1 1 1 0 0 1 0 1 1 1 0 0 1 0 0 0 0 0 1 0 1 0 0 0 0 0 0 1 1 0 1 0 1
YER038C 1 1 0 1 0 1 0 0 0 0 1 0 1 1 0 1 1 0 1 1 0 1 1 0 1 0 1 0 1 0 1 1 1 1 0 1 1 1 0 0 1 0 1 0 0 0 1 0 1 0 1 1 0 1 0 0 0 0 1 1 1 1 1 0 0 1 1 0 0 0 0 1 0 1 0 0 0 0 1 0 0 0 1 1 0 1 1 1 1 1 0 1 1 1 1 1 1 1 0 0 1 0 1 1 1 0 0 1 0 0 0 0 0 1 0 1 0 0 0 0 0 0 1 1 0 1 0 1
YLR007W 1 1 0 1 0 1 0 0 0 0 1 0 1 1 0 1 1 0 1 1 0 1 1 0 1 0 1 0 1 0 1 1 1 1 0 1 1 1 0 0 1 0 1 0 0 0 1 0 1 0 1 1 0 1 0 0 0 0 1 1 1 1 1 0 0 1 1 0 0 0 0 1 0 1 0 0 0 0 1 0 0 0 1 1 0 1 1 1 1 1 0 1 1 1 1 1 1 1 0 0 1 0 1 1 1 0 0 1 0 0 0 0 0 1 0 1 0 0 0 0 0 0 1 1 0 1 0 1
YLR383W 1 1 0 1 0 1 0 0 0 0 1 0 1 1 0 1 1 0 1 1 0 1 1 0 1 0 1 0 1 0 1 1 1 1 0 1 1 1 0 0 1 0 1 0 0 0 1 0 1 0 1 1 0 1 0 0 0 0 1 1 1 1 1 0 0 1 1 0 0 0 0 1 0 1 0 0 0 0 1 0 0 0 1 1 0 1 1 1 1 1 0 1 1 1 1 1 1 1 0 0 1 0 1 1 1 0 0 1 0 0 0 0 0 1 0 1 0 0 0 0 0 0 1 1 0 1 0 1
YML023C 1 1 0 1 0 1 0 0 0 0 1 0 1 1 0 1 1 0 1 1 0 1 1 0 1 0 1 0 1 0 1 1 1 1 0 1 1 1 0 0 1 0 1 0 0 0 1 0 1 0 1 1 0 1 0 0 0 0 1 1 1 1 1 0 0 1 1 0 0 0 0 1 0 1 0 0 0 0 1 0 0 0 1 1 0 1 1 1 1 1 0 1 1 1 1 1 1 1 0 0 1 0 1 1 1 0 0 1 0 0 0 0 0 1 0 1 0 0 0 0 0 0 1 1 0 1 0 1
YOL034W 1 1 0 1 0 1 0 0 0 0 1 0 1 1 0 1 1 0 1 1 0 1 1 0 1 0 1 0 1 0 1 1 1 1 0 1 1 1 0 0 1 0 1 0 0 0 1 0 1 0 1 1 0 1 0 0 0 0 1 1 1 1 1 0 0 1 1 0 0 0 0 1 0 1 0 0 0 0 1 0 0 0 1 1 0 1 1 1 1 1 0 1 1 1 1 1 1 1 0 0 1 0 1 1 1 0 0 1 0 0 0 0 0 1 0 1 0 0 0 0 0 0 1 1 0 1 0 1
YDR013W 1 1 0 1 0 1 0 0 0 0 1 0 1 1 0 1 1 0 1 1 0 1 1 0 1 0 1 0 1 0 1 1 1 1 0 1 1 1 0 0 1 0 1 0 0 0 1 0 1 0 1 1 0 1 0 0 0 0 1 1 1 1 1 0 0 1 1 0 0 0 0 1 0 1 0 0 0 0 1 0 0 0 1 1 0 1 1 1 1 1 0 1 1 1 1 1 1 1 0 0 1 0 1 1 1 0 0 1 0 0 0 0 0 1 0 1 0 0 0 0 0 0 1 1 0 1 0 1
YDR489W 1 1 0 1 0 1 0 0 0 0 1 0 1 1 0 1 1 0 1 1 0 1 1 0 1 0 1 0 1 0 1 1 1 1 0 1 1 1 0 0 1 0 1 0 0 0 1 0 1 0 1 1 0 1 0 0 0 0 1 1 1 1 1 0 0 1 1 0 0 0 0 1 0 1 0 0 0 0 1 0 0 0 1 1 0 1 1 1 1 1 0 1 1 1 1 1 1 1 0 0 1 0 1 1 1 0 0 1 0 0 0 0 0 1 0 1 0 0 0 0 0 0 1 1 0 1 0 1
YJL072C 1 1 0 1 0 1 0 0 0 0 1 0 1 1 0 1 1 0 1 1 0 1 1 0 1 0 1 0 1 0 1 1 1 1 0 1 1 1 0 0 1 0 1 0 0 0 1 0 1 0 1 1 0 1 0 0 0 0 1 1 1 1 1 0 0 1 1 0 0 0 0 1 0 1 0 0 0 0 1 0 0 0 1 1 0 1 1 1 1 1 0 1 1 1 1 1 1 1 0 0 1 0 1 1 1 0 0 1 0 0 0 0 0 1 0 1 0 0 0 0 0 0 1 1 0 1 0 1
YOL146W 1 1 0 1 0 1 0 0 0 0 1 0 1 1 0 1 1 0 1 1 0 1 1 0 1 0 1 0 1 0 1 1 1 1 0 1 1 1 0 0 1 0 1 0 0 0 1 0 1 0 1 1 0 1 0 0 0 0 1 1 1 1 1 0 0 1 1 0 0 0 0 1 0 1 0 0 0 0 1 0 0 0 1 1 0 1 1 1 1 1 0 1 1 1 1 1 1 1 0 0 1 0 1 1 1 0 0 1 0 0 0 0 0 1 0 1 0 0 0 0 0 0 1 1 0 1 0 1
YDR142C 1 1 0 1 0 1 0 0 0 0 1 0 1 1 0 1 1 0 1 1 0 1 1 0 1 0 1 0 1 0 1 1 1 1 0 1 1 1 0 0 1 0 1 0 0 0 1 0 1 0 1 1 0 1 0 0 0 0 1 1 1 1 1 0 0 1 1 0 0 0 0 1 0 1 0 0 0 0 1 0 0 0 1 1 0 1 1 1 1 1 0 1 1 1 1 1 1 1 0 0 1 0 1 1 1 0 0 1 0 0 0 0 0 1 0 1 0 0 0 0 0 0 1 1 0 1 0 1
YJR012C 1 1 0 1 0 1 0 0 0 0 1 0 1 1 0 1 1 0 1 1 0 1 1 0 1 0 1 0 1 0 1 1 1 1 0 1 1 1 0 0 1 0 1 0 0 0 1 0 1 0 1 1 0 1 0 0 0 0 1 1 1 1 1 0 0 1 1 0 0 0 0 1 0 1 0 0 0 0 1 0 0 0 1 1 0 1 1 1 1 1 0 1 1 1 1 1 1 1 0 0 1 0 1 1 1 0 0 1 0 0 0 0 0 1 0 1 0 0 0 0 0 0 1 1 0 1 0 1
YLL061W 1 1 0 1 0 1 0 0 0 0 1 0 1 1 0 1 1 0 1 1 0 1 1 0 1 0 1 0 1 0 1 1 1 1 0 1 1 1 0 0 1 0 1 0 0 0 1 0 1 0 1 1 0 1 0 0 0 0 1 1 1 1 1 0 0 1 1 0 0 0 0 1 0 1 0 0 0 0 1 0 0 0 1 1 0 1 1 1 1 1 0 1 1 1 1 1 1 1 0 0 1 0 1 1 1 0 0 1 0 0 0 0 0 1 0 1 0 0 0 0 0 0 1 1 0 1 0 1
YMR008C 1 1 0 1 0 1 0 0 0 0 1 0 1 1 0 1 1 0 1 1 0 1 1 0 1 0 1 0 1 0 1 1 1 1 0 1 1 1 0 0 1 0 1 0 0 0 1 0 1 0 1 1 0 1 0 0 0 0 1 1 1 1 1 0 0 1 1 0 0 0 0 1 0 1 0 0 0 0 1 0 0 0 1 1 0 1 1 1 1 1 0 1 1 1 1 1 1 1 0 0 1 0 1 1 1 0 0 1 0 0 0 0 0 1 0 1 0 0 0 0 0 0 1 1 0 1 0 1
YNR055C 1 1 0 1 0 1 0 0 0 0 1 0 1 1 0 1 1 0 1 1 0 1 1 0 1 0 1 0 1 0 1 1 1 1 0 1 1 1 0 0 1 0 1 0 0 0 1 0 1 0 1 1 0 1 0 0 0 0 1 1 1 1 1 0 0 1 1 0 0 0 0 1 0 1 0 0 0 0 1 0 0 0 1 1 0 1 1 1 1 1 0 1 1 1 1 1 1 1 0 0 1 0 1 1 1 0 0 1 0 0 0 0 0 1 0 1 0 0 0 0 0 0 1 1 0 1 0 1
YDR190C 0 0 1 0 1 0 1 1 1 1 0 1 0 0 1 0 0 1 0 0 1 0 0 1 0 1 0 1 0 1 0 0 0 0 1 0 0 0 1 1 0 1 0 1 1 1 0 1 0 1 0 0 1 0 1 1 1 1 0 0 0 0 0 1 1 0 0 1 1 1 1 0 1 0 1 1 1 1 0 1 1 1 0 0 1 0 0 0 0 0 1 0 0 0 0 0 0 0 1 1 0 1 0 0 0 1 1 0 1 1 1 1 1 0 1 0 1 1 1 1 1 1 0 0 1 0 1 0
YDR334W 0 0 1 0 1 0 1 1 1 1 0 1 0 0 1 0 0 1 0 0 1 0 0 1 0 1 0 1 0 1 0 0 0 0 1 0 0 0 1 1 0 1 0 1 1 1 0 1 0 1 0 0 1 0 1 1 1 1 0 0 0 0 0 1 1 0 0 1 1 1 1 0 1 0 1 1 1 1 0 1 1 1 0 0 1 0 0 0 0 0 1 0 0 0 0 0 0 0 1 1 0 1 0 0 0 1 1 0 1 1 1 1 1 0 1 0 1 1 1 1 1 1 0 0 1 0 1 0
YDR359C 0 0 1 0 1 0 1 1 1 1 0 1 0 0 1 0 0 1 0 0 1 0 0 1 0 1 0 1 0 1 0 0 0 0 1 0 0 0 1 1 0 1 0 1 1 1 0 1 0 1 0 0 1 0 1 1 1 1 0 0 0 0 0 1 1 0 0 1 1 1 1 0 1 0 1 1 1 1 0 1 1 1 0 0 1 0 0 0 0 0 1 0 0 0 0 0 0 0 1 1 0 1 0 0 0 1 1 0 1 1 1 1 1 0 1 0 1 1 1 1 1 1 0 0 1 0 1 0
YEL018W 0 0 1 0 1 0 1 1 1 1 0 1 0 0 1 0 0 1 0 0 1 0 0 1 0 1 0 1 0 1 0 0 0 0 1 0 0 0 1 1 0 1 0 1 1 1 0 1 0 1 0 0 1 0 1 1 1 1 0 0 0 0 0 1 1 0 0 1 1 1 1 0 1 0 1 1 1 1 0 1 1 1 0 0 1 0 0 0 0 0 1 0 0 0 0 0 0 0 1 1 0 1 0 0 0 1 1 0 1 1 1 1 1 0 1 0 1 1 1 1 1 1 0 0 1 0 1 0
YFL024C 0 0 1 0 1 0 1 1 1 1 0 1 0 0 1 0 0 1 0 0 1 0 0 1 0 1 0 1 0 1 0 0 0 0 1 0 0 0 1 1 0 1 0 1 1 1 0 1 0 1 0 0 1 0 1 1 1 1 0 0 0 0 0 1 1 0 0 1 1 1 1 0 1 0 1 1 1 1 0 1 1 1 0 0 1 0 0 0 0 0 1 0 0 0 0 0 0 0 1 1 0 1 0 0 0 1 1 0 1 1 1 1 1 0 1 0 1 1 1 1 1 1 0 0 1 0 1 0
YGR002C 0 0 1 0 1 0 1 1 1 1 0 1 0 0 1 0 0 1 0 0 1 0 0 1 0 1 0 1 0 1 0 0 0 0 1 0 0 0 1 1 0 1 0 1 1 1 0 1 0 1 0 0 1 0 1 1 1 1 0 0 0 0 0 1 1 0 0 1 1 1 1 0 1 0 1 1 1 1 0 1 1 1 0 0 1 0 0 0 0 0 1 0 0 0 0 0 0 0 1 1 0 1 0 0 0 1 1 0 1 1 1 1 1 0 1 0 1 1 1 1 1 1 0 0 1 0 1 0
YHR090C 0 0 1 0 1 0 1 1 1 1 0 1 0 0 1 0 0 1 0 0 1 0 0 1 0 1 0 1 0 1 0 0 0 0 1 0 0 0 1 1 0 1 0 1 1 1 0 1 0 1 0 0 1 0 1 1 1 1 0 0 0 0 0 1 1 0 0 1 1 1 1 0 1 0 1 1 1 1 0 1 1 1 0 0 1 0 0 0 0 0 1 0 0 0 0 0 0 0 1 1 0 1 0 0 0 1 1 0 1 1 1 1 1 0 1 0 1 1 1 1 1 1 0 0 1 0 1 0
YHR099W 0 0 1 0 1 0 1 1 1 1 0 1 0 0 1 0 0 1 0 0 1 0 0 1 0 1 0 1 0 1 0 0 0 0 1 0 0 0 1 1 0 1 0 1 1 1 0 1 0 1 0 0 1 0 1 1 1 1 0 0 0 0 0 1 1 0 0 1 1 1 1 0 1 0 1 1 1 1 0 1 1 1 0 0 1 0 0 0 0 0 1 0 0 0 0 0 0 0 1 1 0 1 0 0 0 1 1 0 1 1 1 1 1 0 1 0 1 1 1 1 1 1 0 0 1 0 1 0
YJL081C 0 0 1 0 1 0 1 1 1 1 0 1 0 0 1 0 0 1 0 0 1 0 0 1 0 1 0 1 0 1 0 0 0 0 1 0 0 0 1 1 0 1 0 1 1 1 0 1 0 1 0 0 1 0 1 1 1 1 0 0 0 0 0 1 1 0 0 1 1 1 1 0 1 0 1 1 1 1 0 1 1 1 0 0 1 0 0 0 0 0 1 0 0 0 0 0 0 0 1 1 0 1 0 0 0 1 1 0 1 1 1 1 1 0 1 0 1 1 1 1 1 1 0 0 1 0 1 0
YNL107W 0 0 1 0 1 0 1 1 1 1 0 1 0 0 1 0 0 1 0 0 1 0 0 1 0 1 0 1 0 1 0 0 0 0 1 0 0 0 1 1 0 1 0 1 1 1 0 1 0 1 0 0 1 0 1 1 1 1 0 0 0 0 0 1 1 0 0 1 1 1 1 0 1 0 1 1 1 1 0 1 1 1 0 0 1 0 0 0 0 0 1 0 0 0 0 0 0 0 1 1 0 1 0 0 0 1 1 0 1 1 1 1 1 0 1 0 1 1 1 1 1 1 0 0 1 0 1 0
YOR244W 0 0 1 0 1 0 1 1 1 1 0 1 0 0 1 0 0 1 0 0 1 0 0 1 0 1 0 1 0 1 0 0 0 0 1 0 0 0 1 1 0 1 0 1 1 1 0 1 0 1 0 0 1 0 1 1 1 1 0 0 0 0 0 1 1 0 0 1 1 1 1 0 1 0 1 1 1 1 0 1 1 1 0 0 1 0 0 0 0 0 1 0 0 0 0 0 0 0 1 1 0 1 0 0 0 1 1 0 1 1 1 1 1 0 1 0 1 1 1 1 1 1 0 0 1 0 1 0
YPL235W 0 0 1 0 1 0 1 1 1 1 0 1 0 0 1 0 0 1 0 0 1 0 0 1 0 1 0 1 0 1 0 0 0 0 1 0 0 0 1 1 0 1 0 1 1 1 0 1 0 1 0 0 1 0 1 1 1 1 0 0 0 0 0 1 1 0 0 1 1 1 1 0 1 0 1 1 1 1 0 1 1 1 0 0 1 0 0 0 0 0 1 0 0 0 0 0 0 0 1 1 0 1 0 0 0 1 1 0 1 1 1 1 1 0 1 0 1 1 1 1 1 1 0 0 1 0 1 0
YDR211W 0 0 1 0 1 0 1 1 1 1 0 1 0 0 1 0 0 1 0 0 1 0 0 1 0 1 0 1 0 1 0 0 0 0 1 0 0 0 1 1 0 1 0 1 1 1 0 1 0 1 0 0 1 0 1 1 1 1 0 0 0 0 0 1 1 0 0 1 1 1 1 0 1 0 1 1 1 1 0 1 1 1 0 0 1 0 0 0 0 0 1 0 0 0 0 0 0 0 1 1 0 1 0 0 0 1 1 0 1 1 1 1 1 0 1 0 1 1 1 1 1 1 0 0 1 0 1 0
YEL026W 0 0 1 0 1 0 1 1 1 1 0 1 0 0 1 0 0 1 0 0 1 0 0 1 0 1 0 1 0 1 0 0 0 0 1 0 0 0 1 1 0 1 0 1 1 1 0 1 0 1 0 0 1 0 1 1 1 1 0 0 0 0 0 1 1 0 0 1 1 1 1 0 1 0 1 1 1 1 0 1 1 1 0 0 1 0 0 0 0 0 1 0 0 0 0 0 0 0 1 1 0 1 0 0 0 1 1 0 1 1 1 1 1 0 1 0 1 1 1 1 1 1 0 0 1 0 1 0
YGR159C 0 0 1 0 1 0 1 1 1 1 0 1 0 0 1 0 0 1 0 0 1 0 0 1 0 1 0 1 0 1 0 0 0 0 1 0 0 0 1 1 0 1 0 1 1 1 0 1 0 1 0 0 1 0 1 1 1 1 0 0 0 0 0 1 1 0 0 1 1 1 1 0 1 0 1 1 1 1 0 1 1 1 0 0 1 0 0 0 0 0 1 0 0 0 0 0 0 0 1 1 0 1 0 0 0 1 1 0 1 1 1 1 1 0 1 0 1 1 1 1 1 1 0 0 1 0 1 0
YJL010C 0 0 1 0 1 0 1 1 1 1 0 1 0 0 1 0 0 1 0 0 1 0 0 1 0 1 0 1 0 1 0 0 0 0 1 0 0 0 1 1 0 1 0 1 1 1 0 1 0 1 0 0 1 0 1 1 1 1 0 0 0 0 0 1 1 0 0 1 1 1 1 0 1 0 1 1 1 1 0 1 1 1 0 0 1 0 0 0 0 0 1 0 0 0 0 0 0 0 1 1 0 1 0 0 0 1 1 0 1 1 1 1 1 0 1 0 1 1 1 1 1 1 0 0 1 0 1 0
YDR299W 0 0 1 0 1 0 1 1 1 1 0 1 0 0 1 0 0 1 0 0 1 0 0 1 0 1 0 1 0 1 0 0 0 0 1 0 0 0 1 1 0 1 0 1 1 1 0 1 0 1 0 0 1 0 1 1 1 1 0 0 0 0 0 1 1 0 0 1 1 1 1 0 1 0 1 1 1 1 0 1 1 1 0 0 1 0 0 0 0 0 1 0 0 0 0 0 0 0 1 1 0 1 0 0 0 1 1 0 1 1 1 1 1 0 1 0 1 1 1 1 1 1 0 0 1 0 1 0
YDR365C 0 0 1 0 1 0 1 1 1 1 0 1 0 0 1 0 0 1 0 0 1 0 0 1 0 1 0 1 0 1 0 0 0 0 1 0 0 0 1 1 0 1 0 1 1 1 0 1 0 1 0 0 1 0 1 1 1 1 0 0 0 0 0 1 1 0 0 1 1 1 1 0 1 0 1 1 1 1 0 1 1 1 0 0 1 0 0 0 0 0 1 0 0 0 0 0 0 0 1 1 0 1 0 0 0 1 1 0 1 1 1 1 1 0 1 0 1 1 1 1 1 1 0 0 1 0 1 0
YER127W 0 0 1 0 1 0 1 1 1 1 0 1 0 0 1 0 0 1 0 0 1 0 0 1 0 1 0 1 0 1 0 0 0 0 1 0 0 0 1 1 0 1 0 1 1 1 0 1 0 1 0 0 1 0 1 1 1 1 0 0 0 0 0 1 1 0 0 1 1 1 1 0 1 0 1 1 1 1 0 1 1 1 0 0 1 0 0 0 0 0 1 0 0 0 0 0 0 0 1 1 0 1 0 0 0 1 1 0 1 1 1 1 1 0 1 0 1 1 1 1 1 1 0 0 1 0 1 0
YGR145W 0 0 1 0 1 0 1 1 1 1 0 1 0 0 1 0 0 1 0 0 1 0 0 1 0 1 0 1 0 1 0 0 0 0 1 0 0 0 1 1 0 1 0 1 1 1 0 1 0 1 0 0 1 0 1 1 1 1 0 0 0 0 0 1 1 0 0 1 1 1 1 0 1 0 1 1 1 1 0 1 1 1 0 0 1 0 0 0 0 0 1 0 0 0 0 0 0 0 1 1 0 1 0 0 0 1 1 0 1 1 1 1 1 0 1 0 1 1 1 1 1 1 0 0 1 0 1 0
YHR196W 0 0 1 0 1 0 1 1 1 1 0 1 0 0 1 0 0 1 0 0 1 0 0 1 0 1 0 1 0 1 0 0 0 0 1 0 0 0 1 1 0 1 0 1 1 1 0 1 0 1 0 0 1 0 1 1 1 1 0 0 0 0 0 1 1 0 0 1 1 1 1 0 1 0 1 1 1 1 0 1 1 1 0 0 1 0 0 0 0 0 1 0 0 0 0 0 0 0 1 1 0 1 0 0 0 1 1 0 1 1 1 1 1 0 1 0 1 1 1 1 1 1 0 0 1 0 1 0
YJL033W 0 0 1 0 1 0 1 1 1 1 0 1 0 0 1 0 0 1 0 0 1 0 0 1 0 1 0 1 0 1 0 0 0 0 1 0 0 0 1 1 0 1 0 1 1 1 0 1 0 1 0 0 1 0 1 1 1 1 0 0 0 0 0 1 1 0 0 1 1 1 1 0 1 0 1 1 1 1 0 1 1 1 0 0 1 0 0 0 0 0 1 0 0 0 0 0 0 0 1 1 0 1 0 0 0 1 1 0 1 1 1 1 1 0 1 0 1 1 1 1 1 1 0 0 1 0 1 0
YOR310C 0 0 1 0 1 0 1 1 1 1 0 1 0 0 1 0 0 1 0 0 1 0 0 1 0 1 0 1 0 1 0 0 0 0 1 0 0 0 1 1 0 1 0 1 1 1 0 1 0 1 0 0 1 0 1 1 1 1 0 0 0 0 0 1 1 0 0 1 1 1 1 0 1 0 1 1 1 1 0 1 1 1 0 0 1 0 0 0 0 0 1 0 0 0 0 0 0 0 1 1 0 1 0 0 0 1 1 0 1 1 1 1 1 0 1 0 1 1 1 1 1 1 0 0 1 0 1 0
YER110C 1 1 0 1 0 1 0 0 0 0 1 0 1 1 0 1 1 0 1 1 0 1 1 0 1 0 1 0 1 0 1 1 1 1 0 1 1 1 0 0 1 0 1 0 0 0 1 0 1 0 1 1 0 1 0 0 0 0 1 1 1 1 1 0 0 1 1 0 0 0 0 1 0 1 0 0 0 0 1 0 0 0 1 1 0 1 1 1 1 1 0 1 1 1 1 1 1 1 0 0 1 0 1 1 1 0 0 1 0 0 0 0 0 1 0 1 0 0 0 0 0 0 1 1 0 1 0 1
YKL195W 1 1 0 1 0 1 0 0 0 0 1 0 1 1 0 1 1 0 1 1 0 1 1 0 1 0 1 0 1 0 1 1 1 1 0 1 1 1 0 0 1 0 1 0 0 0 1 0 1 0 1 1 0 1 0 0 0 0 1 1 1 1 1 0 0 1 1 0 0 0 0 1 0 1 0 0 0 0 1 0 0 0 1 1 0 1 1 1 1 1 0 1 1 1 1 1 1 1 0 0 1 0 1 1 1 0 0 1 0 0 0 0 0 1 0 1 0 0 0 0 0 0 1 1 0 1 0 1
YMR203W 0 0 1 0 1 0 1 1 1 1 0 1 0 0 1 0 0 1 0 0 1 0 0 1 0 1 0 1 0 1 0 0 0 0 1 0 0 0 1 1 0 1 0 1 1 1 0 1 0 1 0 0 1 0 1 1 1 1 0 0 0 0 0 1 1 0 0 1 1 1 1 0 1 0 1 1 1 1 0 1 1 1 0 0 1 0 0 0 0 0 1 0 0 0 0 0 0 0 1 1 0 1 0 0 0 1 1 0 1 1 1 1 1 0 1 0 1 1 1 1 1 1 0 0 1 0 1 0
YOL086C 0 0 1 0 1 0 1 1 1 1 0 1 0 0 1 0 0 1 0 0 1 0 0 1 0 1 0 1 0 1 0 0 0 0 1 0 0 0 1 1 0 1 0 1 1 1 0 1 0 1 0 0 1 0 1 1 1 1 0 0 0 0 0 1 1 0 0 1 1 1 1 0 1 0 1 1 1 1 0 1 1 1 0 0 1 0 0 0 0 0 1 0 0 0 0 0 0 0 1 1 0 1 0 0 0 1 1 0 1 1 1 1 1 0 1 0 1 1 1 1 1 1 0 0 1 0 1 0
YER133W 1 1 0 1 0 1 0 0 0 0 1 0 1 1 0 1 1 0 1 1 0 1 1 0 1 0 1 0 1 0 1 1 1 1 0 1 1 1 0 0 1 0 1 0 0 0 1 0 1 0 1 1 0 1 0 0 0 0 1 1 1 1 1 0 0 1 1 0 0 0 0 1 0 1 0 0 0 0 1 0 0 0 1 1 0 1 1 1 1 1 0 1 1 1 1 1 1 1 0 0 1 0 1 1 1 0 0 1 0 0 0 0 0 1 0 1 0 0 0 0 0 0 1 1 0 1 0 1
YFR003C 1 1 0 1 0 1 0 0 0 0 1 0 1 1 0 1 1 0 1 1 0 1 1 0 1 0 1 0 1 0 1 1 1 1 0 1 1 1 0 0 1 0 1 0 0 0 1 0 1 0 1 1 0 1 0 0 0 0 1 1 1 1 1 0 0 1 1 0 0 0 0 1 0 1 0 0 0 0 1 0 0 0 1 1 0 1 1 1 1 1 0 1 1 1 1 1 1 1 0 0 1 0 1 1 1 0 0 1 0 0 0 0 0 1 0 1 0 0 0 0 0 0 1 1 0 1 0 1
YKL193C 1 1 0 1 0 1 0 0 0 0 1 0 1 1 0 1 1 0 1 1 0 1 1 0 1 0 1 0 1 0 1 1 1 1 0 1 1 1 0 0 1 0 1 0 0 0 1 0 1 0 1 1 0 1 0 0 0 0 1 1 1 1 1 0 0 1 1 0 0 0 0 1 0 1 0 0 0 0 1 0 0 0 1 1 0 1 1 1 1 1 0 1 1 1 1 1 1 1 0 0 1 0 1 1 1 0 0 1 0 0 0 0 0 1 0 1 0 0 0 0 0 0 1 1 0 1 0 1
YGL129C 1 1 0 1 0 1 0 0 0 0 1 0 1 1 0 1 1 0 1 1 0 1 1 0 1 0 1 0 1 0 1 1 1 1 0 1 1 1 0 0 1 0 1 0 0 0 1 0 1 0 1 1 0 1 0 0 0 0 1 1 1 1 1 0 0 1 1 0 0 0 0 1 0 1 0 0 0 0 1 0 0 0 1 1 0 1 1 1 1 1 0 1 1 1 1 1 1 1 0 0 1 0 1 1 1 0 0 1 0 0 0 0 0 1 0 1 0 0 0 0 0 0 1 1 0 1 0 1
YJR136C 1 1 0 1 0 1 0 0 0 0 1 0 1 1 0 1 1 0 1 1 0 1 1 0 1 0 1 0 1 0 1 1 1 1 0 1 1 1 0 0 1 0 1 0 0 0 1 0 1 0 1 1 0 1 0 0 0 0 1 1 1 1 1 0 0 1 1 0 0 0 0 1 0 1 0 0 0 0 1 0 0 0 1 1 0 1 1 1 1 1 0 1 1 1 1 1 1 1 0 0 1 0 1 1 1 0 0 1 0 0 0 0 0 1 0 1 0 0 0 0 0 0 1 1 0 1 0 1
YGR046W 0 0 1 0 1 0 1 1 1 1 0 1 0 0 1 0 0 1 0 0 1 0 0 1 0 1 0 1 0 1 0 0 0 0 1 0 0 0 1 1 0 1 0 1 1 1 0 1 0 1 0 0 1 0 1 1 1 1 0 0 0 0 0 1 1 0 0 1 1 1 1 0 1 0 1 1 1 1 0 1 1 1 0 0 1 0 0 0 0 0 1 0 0 0 0 0 0 0 1 1 0 1 0 0 0 1 1 0 1 1 1 1 1 0 1 0 1 1 1 1 1 1 0 0 1 0 1 0
YLR259C 0 0 1 0 1 0 1 1 1 1 0 1 0 0 1 0 0 1 0 0 1 0 0 1 0 1 0 1 0 1 0 0 0 0 1 0 0 0 1 1 0 1 0 1 1 1 0 1 0 1 0 0 1 0 1 1 1 1 0 0 0 0 0 1 1 0 0 1 1 1 1 0 1 0 1 1 1 1 0 1 1 1 0 0 1 0 0 0 0 0 1 0 0 0 0 0 0 0 1 1 0 1 0 0 0 1 1 0 1 1 1 1 1 0 1 0 1 1 1 1 1 1 0 0 1 0 1 0
YGR198W 1 1 0 1 0 1 0 0 0 0 1 0 1 1 0 1 1 0 1 1 0 1 1 0 1 0 1 0 1 0 1 1 1 1 0 1 1 1 0 0 1 0 1 0 0 0 1 0 1 0 1 1 0 1 0 0 0 0 1 1 1 1 1 0 0 1 1 0 0 0 0 1 0 1 0 0 0 0 1 0 0 0 1 1 0 1 1 1 1 1 0 1 1 1 1 1 1 1 0 0 1 0 1 1 1 0 0 1 0 0 0 0 0 1 0 1 0 0 0 0 0 0 1 1 0 1 0 1
YLR305C 1 1 0 1 0 1 0 0 0 0 1 0 1 1 0 1 1 0 1 1 0 1 1 0 1 0 1 0 1 0 1 1 1 1 0 1 1 1 0 0 1 0 1 0 0 0 1 0 1 0 1 1 0 1 0 0 0 0 1 1 1 1 1 0 0 1 1 0 0 0 0 1 0 1 0 0 0 0 1 0 0 0 1 1 0 1 1 1 1 1 0 1 1 1 1 1 1 1 0 0 1 0 1 1 1 0 0 1 0 0 0 0 0 1 0 1 0 0 0 0 0 0 1 1 0 1 0 1
YHR085W 0 0 1 0 1 0 1 1 1 1 0 1 0 0 1 0 0 1 0 0 1 0 0 1 0 1 0 1 0 1 0 0 0 0 1 0 0 0 1 1 0 1 0 1 1 1 0 1 0 1 0 0 1 0 1 1 1 1 0 0 0 0 0 1 1 0 0 1 1 1 1 0 1 0 1 1 1 1 0 1 1 1 0 0 1 0 0 0 0 0 1 0 0 0 0 0 0 0 1 1 0 1 0 0 0 1 1 0 1 1 1 1 1 0 1 0 1 1 1 1 1 1 0 0 1 0 1 0
YHR197W 0 0 1 0 1 0 1 1 1 1 0 1 0 0 1 0 0 1 0 0 1 0 0 1 0 1 0 1 0 1 0 0 0 0 1 0 0 0 1 1 0 1 0 1 1 1 0 1 0 1 0 0 1 0 1 1 1 1 0 0 0 0 0 1 1 0 0 1 1 1 1 0 1 0 1 1 1 1 0 1 1 1 0 0 1 0 0 0 0 0 1 0 0 0 0 0 0 0 1 1 0 1 0 0 0 1 1 0 1 1 1 1 1 0 1 0 1 1 1 1 1 1 0 0 1 0 1 0
YNL182C 0 0 1 0 1 0 1 1 1 1 0 1 0 0 1 0 0 1 0 0 1 0 0 1 0 1 0 1 0 1 0 0 0 0 1 0 0 0 1 1 0 1 0 1 1 1 0 1 0 1 0 0 1 0 1 1 1 1 0 0 0 0 0 1 1 0 0 1 1 1 1 0 1 0 1 1 1 1 0 1 1 1 0 0 1 0 0 0 0 0 1 0 0 0 0 0 0 0 1 1 0 1 0 0 0 1 1 0 1 1 1 1 1 0 1 0 1 1 1 1 1 1 0 0 1 0 1 0
YNL245C 0 0 1 0 1 0 1 1 1 1 0 1 0 0 1 0 0 1 0 0 1 0 0 1 0 1 0 1 0 1 0 0 0 0 1 0 0 0 1 1 0 1 0 1 1 1 0 1 0 1 0 0 1 0 1 1 1 1 0 0 0 0 0 1 1 0 0 1 1 1 1 0 1 0 1 1 1 1 0 1 1 1 0 0 1 0 0 0 0 0 1 0 0 0 0 0 0 0 1 1 0 1 0 0 0 1 1 0 1 1 1 1 1 0 1 0 1 1 1 1 1 1 0 0 1 0 1 0
YJL184W 1 1 0 1 0 1 0 0 0 0 1 0 1 1 0 1 1 0 1 1 0 1 1 0 1 0 1 0 1 0 1 1 1 1 0 1 1 1 0 0 1 0 1 0 0 0 1 0 1 0 1 1 0 1 0 0 0 0 1 1 1 1 1 0 0 1 1 0 0 0 0 1 0 1 0 0 0 0 1 0 0 0 1 1 0 1 1 1 1 1 0 1 1 1 1 1 1 1 0 0 1 0 1 1 1 0 0 1 0 0 0 0 0 1 0 1 0 0 0 0 0 0 1 1 0 1 0 1
YKR038C 1 1 0 1 0 1 0 0 0 0 1 0 1 1 0 1 1 0 1 1 0 1 1 0 1 0 1 0 1 0 1 1 1 1 0 1 1 1 0 0 1 0 1 0 0 0 1 0 1 0 1 1 0 1 0 0 0 0 1 1 1 1 1 0 0 1 1 0 0 0 0 1 0 1 0 0 0 0 1 0 0 0 1 1 0 1 1 1 1 1 0 1 1 1 1 1 1 1 0 0 1 0 1 1 1 0 0 1 0 0 0 0 0 1 0 1 0 0 0 0 0 0 1 1 0 1 0 1
YJL208C 1 1 0 1 0 1 0 0 0 0 1 0 1 1 0 1 1 0 1 1 0 1 1 0 1 0 1 0 1 0 1 1 1 1 0 1 1 1 0 0 1 0 1 0 0 0 1 0 1 0 1 1 0 1 0 0 0 0 1 1 1 1 1 0 0 1 1 0 0 0 0 1 0 1 0 0 0 0 1 0 0 0 1 1 0 1 1 1 1 1 0 1 1 1 1 1 1 1 0 0 1 0 1 1 1 0 0 1 0 0 0 0 0 1 0 1 0 0 0 0 0 0 1 1 0 1 0 1
YKR079C 1 1 0 1 0 1 0 0 0 0 1 0 1 1 0 1 1 0 1 1 0 1 1 0 1 0 1 0 1 0 1 1 1 1 0 1 1 1 0 0 1 0 1 0 0 0 1 0 1 0 1 1 0 1 0 0 0 0 1 1 1 1 1 0 0 1 1 0 0 0 0 1 0 1 0 0 0 0 1 0 0 0 1 1 0 1 1 1 1 1 0 1 1 1 1 1 1 1 0 0 1 0 1 1 1 0 0 1 0 0 0 0 0 1 0 1 0 0 0 0 0 0 1 1 0 1 0 1
YMR099C 1 1 0 1 0 1 0 0 0 0 1 0 1 1 0 1 1 0 1 1 0 1 1 0 1 0 1 0 1 0 1 1 1 1 0 1 1 1 0 0 1 0 1 0 0 0 1 0 1 0 1 1 0 1 0 0 0 0 1 1 1 1 1 0 0 1 1 0 0 0 0 1 0 1 0 0 0 0 1 0 0 0 1 1 0 1 1 1 1 1 0 1 1 1 1 1 1 1 0 0 1 0 1 1 1 0 0 1 0 0 0 0 0 1 0 1 0 0 0 0 0 0 1 1 0 1 0 1
YJR067C 1 1 0 1 0 1 0 0 0 0 1 0 1 1 0 1 1 0 1 1 0 1 1 0 1 0 1 0 1 0 1 1 1 1 0 1 1 1 0 0 1 0 1 0 0 0 1 0 1 0 1 1 0 1 0 0 0 0 1 1 1 1 1 0 0 1 1 0 0 0 0 1 0 1 0 0 0 0 1 0 0 0 1 1 0 1 1 1 1 1 0 1 1 1 1 1 1 1 0 0 1 0 1 1 1 0 0 1 0 0 0 0 0 1 0 1 0 0 0 0 0 0 1 1 0 1 0 1
YNL260C 1 1 0 1 0 1 0 0 0 0 1 0 1 1 0 1 1 0 1 1 0 1 1 0 1 0 1 0 1 0 1 1 1 1 0 1 1 1 0 0 1 0 1 0 0 0 1 0 1 0 1 1 0 1 0 0 0 0 1 1 1 1 1 0 0 1 1 0 0 0 0 1 0 1 0 0 0 0 1 0 0 0 1 1 0 1 1 1 1 1 0 1 1 1 1 1 1 1 0 0 1 0 1 1 1 0 0 1 0 0 0 0 0 1 0 1 0 0 0 0 0 0 1 1 0 1 0 1
YKL088W 0 0 1 0 1 0 1 1 1 1 0 1 0 0 1 0 0 1 0 0 1 0 0 1 0 1 0 1 0 1 0 0 0 0 1 0 0 0 1 1 0 1 0 1 1 1 0 1 0 1 0 0 1 0 1 1 1 1 0 0 0 0 0 1 1 0 0 1 1 1 1 0 1 0 1 1 1 1 0 1 1 1 0 0 1 0 0 0 0 0 1 0 0 0 0 0 0 0 1 1 0 1 0 0 0 1 1 0 1 1 1 1 1 0 1 0 1 1 1 1 1 1 0 0 1 0 1 0
YKR072C 0 0 1 0 1 0 1 1 1 1 0 1 0 0 1 0 0 1 0 0 1 0 0 1 0 1 0 1 0 1 0 0 0 0 1 0 0 0 1 1 0 1 0 1 1 1 0 1 0 1 0 0 1 0 1 1 1 1 0 0 0 0 0 1 1 0 0 1 1 1 1 0 1 0 1 1 1 1 0 1 1 1 0 0 1 0 0 0 0 0 1 0 0 0 0 0 0 0 1 1 0 1 0 0 0 1 1 0 1 1 1 1 1 0 1 0 1 1 1 1 1 1 0 0 1 0 1 0
YOR054C 0 0 1 0 1 0 1 1 1 1 0 1 0 0 1 0 0 1 0 0 1 0 0 1 0 1 0 1 0 1 0 0 0 0 1 0 0 0 1 1 0 1 0 1 1 1 0 1 0 1 0 0 1 0 1 1 1 1 0 0 0 0 0 1 1 0 0 1 1 1 1 0 1 0 1 1 1 1 0 1 1 1 0 0 1 0 0 0 0 0 1 0 0 0 0 0 0 0 1 1 0 1 0 0 0 1 1 0 1 1 1 1 1 0 1 0 1 1 1 1 1 1 0 0 1 0 1 0
YLR175W 1 1 0 1 0 1 0 0 0 0 1 0 1 1 0 1 1 0 1 1 0 1 1 0 1 0 1 0 1 0 1 1 1 1 0 1 1 1 0 0 1 0 1 0 0 0 1 0 1 0 1 1 0 1 0 0 0 0 1 1 1 1 1 0 0 1 1 0 0 0 0 1 0 1 0 0 0 0 1 0 0 0 1 1 0 1 1 1 1 1 0 1 1 1 1 1 1 1 0 0 1 0 1 1 1 0 0 1 0 0 0 0 0 1 0 1 0 0 0 0 0 0 1 1 0 1 0 1
YNL124W 1 1 0 1 0 1 0 0 0 0 1 0 1 1 0 1 1 0 1 1 0 1 1 0 1 0 1 0 1 0 1 1 1 1 0 1 1 1 0 0 1 0 1 0 0 0 1 0 1 0 1 1 0 1 0 0 0 0 1 1 1 1 1 0 0 1 1 0 0 0 0 1 0 1 0 0 0 0 1 0 0 0 1 1 0 1 1 1 1 1 0 1 1 1 1 1 1 1 0 0 1 0 1 1 1 0 0 1 0 0 0 0 0 1 0 1 0 0 0 0 0 0 1 1 0 1 0 1
YPL063W 0 0 1 0 1 0 1 1 1 1 0 1 0 0 1 0 0 1 0 0 1 0 0 1 0 1 0 1 0 1 0 0 0 0 1 0 0 0 1 1 0 1 0 1 1 1 0 1 0 1 0 0 1 0 1 1 1 1 0 0 0 0 0 1 1 0 0 1 1 1 1 0 1 0 1 1 1 1 0 1 1 1 0 0 1 0 0 0 0 0 1 0 0 0 0 0 0 0 1 1 0 1 0 0 0 1 1 0 1 1 1 1 1 0 1 0 1 1 1 1 1 1 0 0 1 0 1 0
