34 128
33 1 0 0 0 1 0 1 0 1 1 0 1 0 1 0 0 0 1 1 0 0 1 1 0 0 0 1 1 1 1 1 0 0 0 1 0 0 1 1 0 1 1 0 1 0 0 0 0 1 0 1 0 1 1 0 1 1 0 1 1 1 0 1 1 0 0 1 0 0 0 0 0 0 0 0 0 1 1 1 0 1 0 0 1 1 0 0 0 1 1 1 1 1 1 1 1 0 1 0 1 1 1 0 1 0 1 1 0 0 0 1 0 0 0 0 0 1 0 1 1 1 0 0 1 1 1 0 1
0 1 0 0 0 1 0 1 0 1 1 0 1 0 1 0 0 0 1 1 0 0 1 1 0 0 0 1 1 1 1 1 0 0 0 1 0 0 1 1 0 1 1 0 1 0 0 0 0 1 0 1 0 1 1 0 1 1 0 1 1 1 0 1 1 0 0 1 0 0 0 0 0 0 0 0 0 1 1 1 0 1 0 0 1 1 0 0 0 1 1 1 1 1 1 1 1 0 1 0 1 1 1 0 1 0 1 1 0 0 0 1 0 0 0 0 0 1 0 1 1 1 0 0 1 1 1 0 1
32 1 0 0 0 1 0 1 0 1 1 0 1 0 1 0 0 0 1 1 0 0 1 1 0 0 0 1 1 1 1 1 0 0 0 1 0 0 1 1 0 1 1 0 1 0 0 0 0 1 0 1 0 1 1 0 1 1 0 1 1 1 0 1 1 0 0 1 0 0 0 0 0 0 0 0 0 1 1 1 0 1 0 0 1 1 0 0 0 1 1 1 1 1 1 1 1 0 1 0 1 1 1 0 1 0 1 1 0 0 0 1 0 0 0 0 0 1 0 1 1 1 0 0 1 1 1 0 1
2 1 0 0 0 1 0 1 0 1 1 0 1 0 1 0 0 0 1 1 0 0 1 1 0 0 0 1 1 1 1 1 0 0 0 1 0 0 1 1 0 1 1 0 1 0 0 0 0 1 0 1 0 1 1 0 1 1 0 1 1 1 0 1 1 0 0 1 0 0 0 0 0 0 0 0 0 1 1 1 0 1 0 0 1 1 0 0 0 1 1 1 1 1 1 1 1 0 1 0 1 1 1 0 1 0 1 1 0 0 0 1 0 0 0 0 0 1 0 1 1 1 0 0 1 1 1 0 1
1 1 0 0 0 1 0 1 0 1 1 0 1 0 1 0 0 0 1 1 0 0 1 1 0 0 0 1 1 1 1 1 0 0 0 1 0 0 1 1 0 1 1 0 1 0 0 0 0 1 0 1 0 1 1 0 1 1 0 1 1 1 0 1 1 0 0 1 0 0 0 0 0 0 0 0 0 1 1 1 0 1 0 0 1 1 0 0 0 1 1 1 1 1 1 1 1 0 1 0 1 1 1 0 1 0 1 1 0 0 0 1 0 0 0 0 0 1 0 1 1 1 0 0 1 1 1 0 1
31 1 0 0 0 1 0 1 0 1 1 0 1 0 1 0 0 0 1 1 0 0 1 1 0 0 0 1 1 1 1 1 0 0 0 1 0 0 1 1 0 1 1 0 1 0 0 0 0 1 0 1 0 1 1 0 1 1 0 1 1 1 0 1 1 0 0 1 0 0 0 0 0 0 0 0 0 1 1 1 0 1 0 0 1 1 0 0 0 1 1 1 1 1 1 1 1 0 1 0 1 1 1 0 1 0 1 1 0 0 0 1 0 0 0 0 0 1 0 1 1 1 0 0 1 1 1 0 1
3 1 0 0 0 1 0 1 0 1 1 0 1 0 1 0 0 0 1 1 0 0 1 1 0 0 0 1 1 1 1 1 0 0 0 1 0 0 1 1 0 1 1 0 1 0 0 0 0 1 0 1 0 1 1 0 1 1 0 1 1 1 0 1 1 0 0 1 0 0 0 0 0 0 0 0 0 1 1 1 0 1 0 0 1 1 0 0 0 1 1 1 1 1 1 1 1 0 1 0 1 1 1 0 1 0 1 1 0 0 0 1 0 0 0 0 0 1 0 1 1 1 0 0 1 1 1 0 1
23 1 0 0 0 1 0 1 0 1 1 0 1 0 1 0 0 0 1 1 0 0 1 1 0 0 0 1 1 1 1 1 0 0 0 1 0 0 1 1 0 1 1 0 1 0 0 0 0 1 0 1 0 1 1 0 1 1 0 1 1 1 0 1 1 0 0 1 0 0 0 0 0 0 0 0 0 1 1 1 0 1 0 0 1 1 0 0 0 1 1 1 1 1 1 1 1 0 1 0 1 1 1 0 1 0 1 1 0 0 0 1 0 0 0 0 0 1 0 1 1 1 0 0 1 1 1 0 1
13 0 1 1 1 0 1 0 1 0 0 1 0 1 0 1 1 1 0 0 1 1 0 0 1 1 1 0 0 0 0 0 1 1 1 0 1 1 0 0 1 0 0 1 0 1 1 1 1 0 1 0 1 0 0 1 0 0 1 0 0 0 1 0 0 1 1 0 1 1 1 1 1 1 1 1 1 0 0 0 1 0 1 1 0 0 1 1 1 0 0 0 0 0 0 0 0 1 0 1 0 0 0 1 0 1 0 0 1 1 1 0 1 1 1 1 1 0 1 0 0 0 1 1 0 0 0 1 0
29 0 1 1 1 0 1 0 1 0 0 1 0 1 0 1 1 1 0 0 1 1 0 0 1 1 1 0 0 0 0 0 1 1 1 0 1 1 0 0 1 0 0 1 0 1 1 1 1 0 1 0 1 0 0 1 0 0 1 0 0 0 1 0 0 1 1 0 1 1 1 1 1 1 1 1 1 0 0 0 1 0 1 1 0 0 1 1 1 0 0 0 0 0 0 0 0 1 0 1 0 0 0 1 0 1 0 0 1 1 1 0 1 1 1 1 1 0 1 0 0 0 1 1 0 0 0 1 0
8 1 0 0 0 1 0 1 0 1 1 0 1 0 1 0 0 0 1 1 0 0 1 1 0 0 0 1 1 1 1 1 0 0 0 1 0 0 1 1 0 1 1 0 1 0 0 0 0 1 0 1 0 1 1 0 1 1 0 1 1 1 0 1 1 0 0 1 0 0 0 0 0 0 0 0 0 1 1 1 0 1 0 0 1 1 0 0 0 1 1 1 1 1 1 1 1 0 1 0 1 1 1 0 1 0 1 1 0 0 0 1 0 0 0 0 0 1 0 1 1 1 0 0 1 1 1 0 1
7 1 0 0 0 1 0 1 0 1 1 0 1 0 1 0 0 0 1 1 0 0 1 1 0 0 0 1 1 1 1 1 0 0 0 1 0 0 1 1 0 1 1 0 1 0 0 0 0 1 0 1 0 1 1 0 1 1 0 1 1 1 0 1 1 0 0 1 0 0 0 0 0 0 0 0 0 1 1 1 0 1 0 0 1 1 0 0 0 1 1 1 1 1 1 1 1 0 1 0 1 1 1 0 1 0 1 1 0 0 0 1 0 0 0 0 0 1 0 1 1 1 0 0 1 1 1 0 1
5 1 0 0 0 1 0 1 0 1 1 0 1 0 1 0 0 0 1 1 0 0 1 1 0 0 0 1 1 1 1 1 0 0 0 1 0 0 1 1 0 1 1 0 1 0 0 0 0 1 0 1 0 1 1 0 1 1 0 1 1 1 0 1 1 0 0 1 0 0 0 0 0 0 0 0 0 1 1 1 0 1 0 0 1 1 0 0 0 1 1 1 1 1 1 1 1 0 1 0 1 1 1 0 1 0 1 1 0 0 0 1 0 0 0 0 0 1 0 1 1 1 0 0 1 1 1 0 1
27 1 0 0 0 1 0 1 0 1 1 0 1 0 1 0 0 0 1 1 0 0 1 1 0 0 0 1 1 1 1 1 0 0 0 1 0 0 1 1 0 1 1 0 1 0 0 0 0 1 0 1 0 1 1 0 1 1 0 1 1 1 0 1 1 0 0 1 0 0 0 0 0 0 0 0 0 1 1 1 0 1 0 0 1 1 0 0 0 1 1 1 1 1 1 1 1 0 1 0 1 1 1 0 1 0 1 1 0 0 0 1 0 0 0 0 0 1 0 1 1 1 0 0 1 1 1 0 1
6 0 1 1 1 0 1 0 1 0 0 1 0 1 0 1 1 1 0 0 1 1 0 0 1 1 1 0 0 0 0 0 1 1 1 0 1 1 0 0 1 0 0 1 0 1 1 1 1 0 1 0 1 0 0 1 0 0 1 0 0 0 1 0 0 1 1 0 1 1 1 1 1 1 1 1 1 0 0 0 1 0 1 1 0 0 1 1 1 0 0 0 0 0 0 0 0 1 0 1 0 0 0 1 0 1 0 0 1 1 1 0 1 1 1 1 1 0 1 0 0 0 1 1 0 0 0 1 0
25 0 1 1 1 0 1 0 1 0 0 1 0 1 0 1 1 1 0 0 1 1 0 0 1 1 1 0 0 0 0 0 1 1 1 0 1 1 0 0 1 0 0 1 0 1 1 1 1 0 1 0 1 0 0 1 0 0 1 0 0 0 1 0 0 1 1 0 1 1 1 1 1 1 1 1 1 0 0 0 1 0 1 1 0 0 1 1 1 0 0 0 0 0 0 0 0 1 0 1 0 0 0 1 0 1 0 0 1 1 1 0 1 1 1 1 1 0 1 0 0 0 1 1 0 0 0 1 0
24 1 0 0 0 1 0 1 0 1 1 0 1 0 1 0 0 0 1 1 0 0 1 1 0 0 0 1 1 1 1 1 0 0 0 1 0 0 1 1 0 1 1 0 1 0 0 0 0 1 0 1 0 1 1 0 1 1 0 1 1 1 0 1 1 0 0 1 0 0 0 0 0 0 0 0 0 1 1 1 0 1 0 0 1 1 0 0 0 1 1 1 1 1 1 1 1 0 1 0 1 1 1 0 1 0 1 1 0 0 0 1 0 0 0 0 0 1 0 1 1 1 0 0 1 1 1 0 1
19 1 0 0 0 1 0 1 0 1 1 0 1 0 1 0 0 0 1 1 0 0 1 1 0 0 0 1 1 1 1 1 0 0 0 1 0 0 1 1 0 1 1 0 1 0 0 0 0 1 0 1 0 1 1 0 1 1 0 1 1 1 0 1 1 0 0 1 0 0 0 0 0 0 0 0 0 1 1 1 0 1 0 0 1 1 0 0 0 1 1 1 1 1 1 1 1 0 1 0 1 1 1 0 1 0 1 1 0 0 0 1 0 0 0 0 0 1 0 1 1 1 0 0 1 1 1 0 1
10 0 1 1 1 0 1 0 1 0 0 1 0 1 0 1 1 1 0 0 1 1 0 0 1 1 1 0 0 0 0 0 1 1 1 0 1 1 0 0 1 0 0 1 0 1 1 1 1 0 1 0 1 0 0 1 0 0 1 0 0 0 1 0 0 1 1 0 1 1 1 1 1 1 1 1 1 0 0 0 1 0 1 1 0 0 1 1 1 0 0 0 0 0 0 0 0 1 0 1 0 0 0 1 0 1 0 0 1 1 1 0 1 1 1 1 1 0 1 0 0 0 1 1 0 0 0 1 0
30 1 0 0 0 1 0 1 0 1 1 0 1 0 1 0 0 0 1 1 0 0 1 1 0 0 0 1 1 1 1 1 0 0 0 1 0 0 1 1 0 1 1 0 1 0 0 0 0 1 0 1 0 1 1 0 1 1 0 1 1 1 0 1 1 0 0 1 0 0 0 0 0 0 0 0 0 1 1 1 0 1 0 0 1 1 0 0 0 1 1 1 1 1 1 1 1 0 1 0 1 1 1 0 1 0 1 1 0 0 0 1 0 0 0 0 0 1 0 1 1 1 0 0 1 1 1 0 1
28 0 1 1 1 0 1 0 1 0 0 1 0 1 0 1 1 1 0 0 1 1 0 0 1 1 1 0 0 0 0 0 1 1 1 0 1 1 0 0 1 0 0 1 0 1 1 1 1 0 1 0 1 0 0 1 0 0 1 0 0 0 1 0 0 1 1 0 1 1 1 1 1 1 1 1 1 0 0 0 1 0 1 1 0 0 1 1 1 0 0 0 0 0 0 0 0 1 0 1 0 0 0 1 0 1 0 0 1 1 1 0 1 1 1 1 1 0 1 0 0 0 1 1 0 0 0 1 0
4 1 0 0 0 1 0 1 0 1 1 0 1 0 1 0 0 0 1 1 0 0 1 1 0 0 0 1 1 1 1 1 0 0 0 1 0 0 1 1 0 1 1 0 1 0 0 0 0 1 0 1 0 1 1 0 1 1 0 1 1 1 0 1 1 0 0 1 0 0 0 0 0 0 0 0 0 1 1 1 0 1 0 0 1 1 0 0 0 1 1 1 1 1 1 1 1 0 1 0 1 1 1 0 1 0 1 1 0 0 0 1 0 0 0 0 0 1 0 1 1 1 0 0 1 1 1 0 1
9 0 1 1 1 0 1 0 1 0 0 1 0 1 0 1 1 1 0 0 1 1 0 0 1 1 1 0 0 0 0 0 1 1 1 0 1 1 0 0 1 0 0 1 0 1 1 1 1 0 1 0 1 0 0 1 0 0 1 0 0 0 1 0 0 1 1 0 1 1 1 1 1 1 1 1 1 0 0 0 1 0 1 1 0 0 1 1 1 0 0 0 0 0 0 0 0 1 0 1 0 0 0 1 0 1 0 0 1 1 1 0 1 1 1 1 1 0 1 0 0 0 1 1 0 0 0 1 0
14 0 1 1 1 0 1 0 1 0 0 1 0 1 0 1 1 1 0 0 1 1 0 0 1 1 1 0 0 0 0 0 1 1 1 0 1 1 0 0 1 0 0 1 0 1 1 1 1 0 1 0 1 0 0 1 0 0 1 0 0 0 1 0 0 1 1 0 1 1 1 1 1 1 1 1 1 0 0 0 1 0 1 1 0 0 1 1 1 0 0 0 0 0 0 0 0 1 0 1 0 0 0 1 0 1 0 0 1 1 1 0 1 1 1 1 1 0 1 0 0 0 1 1 0 0 0 1 0
20 0 1 1 1 0 1 0 1 0 0 1 0 1 0 1 1 1 0 0 1 1 0 0 1 1 1 0 0 0 0 0 1 1 1 0 1 1 0 0 1 0 0 1 0 1 1 1 1 0 1 0 1 0 0 1 0 0 1 0 0 0 1 0 0 1 1 0 1 1 1 1 1 1 1 1 1 0 0 0 1 0 1 1 0 0 1 1 1 0 0 0 0 0 0 0 0 1 0 1 0 0 0 1 0 1 0 0 1 1 1 0 1 1 1 1 1 0 1 0 0 0 1 1 0 0 0 1 0
18 0 1 1 1 0 1 0 1 0 0 1 0 1 0 1 1 1 0 0 1 1 0 0 1 1 1 0 0 0 0 0 1 1 1 0 1 1 0 0 1 0 0 1 0 1 1 1 1 0 1 0 1 0 0 1 0 0 1 0 0 0 1 0 0 1 1 0 1 1 1 1 1 1 1 1 1 0 0 0 1 0 1 1 0 0 1 1 1 0 0 0 0 0 0 0 0 1 0 1 0 0 0 1 0 1 0 0 1 1 1 0 1 1 1 1 1 0 1 0 0 0 1 1 0 0 0 1 0
26 0 1 1 1 0 1 0 1 0 0 1 0 1 0 1 1 1 0 0 1 1 0 0 1 1 1 0 0 0 0 0 1 1 1 0 1 1 0 0 1 0 0 1 0 1 1 1 1 0 1 0 1 0 0 1 0 0 1 0 0 0 1 0 0 1 1 0 1 1 1 1 1 1 1 1 1 0 0 0 1 0 1 1 0 0 1 1 1 0 0 0 0 0 0 0 0 1 0 1 0 0 0 1 0 1 0 0 1 1 1 0 1 1 1 1 1 0 1 0 0 0 1 1 0 0 0 1 0
15 0 1 1 1 0 1 0 1 0 0 1 0 1 0 1 1 1 0 0 1 1 0 0 1 1 1 0 0 0 0 0 1 1 1 0 1 1 0 0 1 0 0 1 0 1 1 1 1 0 1 0 1 0 0 1 0 0 1 0 0 0 1 0 0 1 1 0 1 1 1 1 1 1 1 1 1 0 0 0 1 0 1 1 0 0 1 1 1 0 0 0 0 0 0 0 0 1 0 1 0 0 0 1 0 1 0 0 1 1 1 0 1 1 1 1 1 0 1 0 0 0 1 1 0 0 0 1 0
22 0 1 1 1 0 1 0 1 0 0 1 0 1 0 1 1 1 0 0 1 1 0 0 1 1 1 0 0 0 0 0 1 1 1 0 1 1 0 0 1 0 0 1 0 1 1 1 1 0 1 0 1 0 0 1 0 0 1 0 0 0 1 0 0 1 1 0 1 1 1 1 1 1 1 1 1 0 0 0 1 0 1 1 0 0 1 1 1 0 0 0 0 0 0 0 0 1 0 1 0 0 0 1 0 1 0 0 1 1 1 0 1 1 1 1 1 0 1 0 0 0 1 1 0 0 0 1 0
16 0 1 1 1 0 1 0 1 0 0 1 0 1 0 1 1 1 0 0 1 1 0 0 1 1 1 0 0 0 0 0 1 1 1 0 1 1 0 0 1 0 0 1 0 1 1 1 1 0 1 0 1 0 0 1 0 0 1 0 0 0 1 0 0 1 1 0 1 1 1 1 1 1 1 1 1 0 0 0 1 0 1 1 0 0 1 1 1 0 0 0 0 0 0 0 0 1 0 1 0 0 0 1 0 1 0 0 1 1 1 0 1 1 1 1 1 0 1 0 0 0 1 1 0 0 0 1 0
12 0 1 1 1 0 1 0 1 0 0 1 0 1 0 1 1 1 0 0 1 1 0 0 1 1 1 0 0 0 0 0 1 1 1 0 1 1 0 0 1 0 0 1 0 1 1 1 1 0 1 0 1 0 0 1 0 0 1 0 0 0 1 0 0 1 1 0 1 1 1 1 1 1 1 1 1 0 0 0 1 0 1 1 0 0 1 1 1 0 0 0 0 0 0 0 0 1 0 1 0 0 0 1 0 1 0 0 1 1 1 0 1 1 1 1 1 0 1 0 0 0 1 1 0 0 0 1 0
21 0 1 1 1 0 1 0 1 0 0 1 0 1 0 1 1 1 0 0 1 1 0 0 1 1 1 0 0 0 0 0 1 1 1 0 1 1 0 0 1 0 0 1 0 1 1 1 1 0 1 0 1 0 0 1 0 0 1 0 0 0 1 0 0 1 1 0 1 1 1 1 1 1 1 1 1 0 0 0 1 0 1 1 0 0 1 1 1 0 0 0 0 0 0 0 0 1 0 1 0 0 0 1 0 1 0 0 1 1 1 0 1 1 1 1 1 0 1 0 0 0 1 1 0 0 0 1 0
17 0 1 1 1 0 1 0 1 0 0 1 0 1 0 1 1 1 0 0 1 1 0 0 1 1 1 0 0 0 0 0 1 1 1 0 1 1 0 0 1 0 0 1 0 1 1 1 1 0 1 0 1 0 0 1 0 0 1 0 0 0 1 0 0 1 1 0 1 1 1 1 1 1 1 1 1 0 0 0 1 0 1 1 0 0 1 1 1 0 0 0 0 0 0 0 0 1 0 1 0 0 0 1 0 1 0 0 1 1 1 0 1 1 1 1 1 0 1 0 0 0 1 1 0 0 0 1 0
11 0 1 1 1 0 1 0 1 0 0 1 0 1 0 1 1 1 0 0 1 1 0 0 1 1 1 0 0 0 0 0 1 1 1 0 1 1 0 0 1 0 0 1 0 1 1 1 1 0 1 0 1 0 0 1 0 0 1 0 0 0 1 0 0 1 1 0 1 1 1 1 1 1 1 1 1 0 0 0 1 0 1 1 0 0 1 1 1 0 0 0 0 0 0 0 0 1 0 1 0 0 0 1 0 1 0 0 1 1 1 0 1 1 1 1 1 0 1 0 0 0 1 1 0 0 0 1 0
